Zscore	Pvalue	Cell	Tissue	Datatype	File	Probe	Accession	Qvalue
6.346	1.26e-16	E029 Primary monocytes from peripheral blood	Blood	H3K4me3	E029-H3K4me3.broadPeak.gz	cg00021237,cg00024722,cg00026230,cg00026974,cg00040423,cg00077299,cg00097536,cg00102920,cg00147578,cg00167275,cg00226754,cg00231920,cg00252696,cg00260647,cg00271154,cg00280548,cg00292435,cg00306421,cg00319567,cg00389341,cg00393376,cg00399650,cg00402069,cg00419759,cg00441754,cg00455883,cg00459447,cg00472801,cg00476986,cg00498603,cg00502932,cg00529946,cg00538370,cg00544734,cg00547077,cg00572487,cg00574907,cg00598261,cg00608467,cg00639286,cg00649827,cg00687252,cg00704288,cg00704909,cg00713294,cg00718440,cg00734800,cg00742472,cg00751288,cg00759634,cg00761755,cg00777537,cg00777895,cg00789423,cg00790928,cg00794178,cg00814733,cg00823995,cg00829944,cg00830767,cg00843623,cg00873521,cg00893385,cg00903375,cg00906435,cg00909976,cg00916439,cg00923803,cg00935924,cg00949554,cg00960509,cg00960580,cg00987699,cg00994411,cg01025599,cg01026613,cg01035689,cg01060358,cg01083340,cg01093329,cg01117833,cg01135780,cg01145709,cg01149132,cg01149896,cg01153979,cg01179631,cg01185138,cg01202751,cg01216607,cg01239717,cg01244944,cg01249180,cg01262133,cg01297808,cg01306985,cg01314194,cg01335042,cg01338834,cg01353569,cg01358551,cg01365762,cg01373691,cg01405143,cg01458686,cg01460557,cg01462829,cg01467266,cg01488674,cg01519164,cg01524091,cg01527159,cg01531665,cg01546046,cg01554453,cg01566127,cg01582807,cg01588546,cg01613965,cg01638175,cg01663225,cg01719123,cg01726103,cg01755728,cg01768179,cg01773951,cg01777630,cg01779076,cg01796104,cg01807919,cg01814186,cg01823956,cg01861096,cg01909487,cg01923740,cg01936090,cg01939479,cg01939664,cg01945391,cg01999086,cg02002494,cg02015876,cg02047359,cg02048674,cg02051077,cg02053340,cg02056921,cg02096656,cg02121330,cg02157667,cg02172824,cg02181963,cg02199589,cg02201215,cg02239805,cg02243437,cg02248325,cg02257675,cg02261604,cg02268424,cg02269221,cg02269272,cg02283485,cg02308112,cg02323694,cg02337499,cg02339297,cg02374837,cg02386183,cg02396143,cg02399652,cg02405530,cg02426912,cg02429398,cg02445447,cg02446681,cg02453779,cg02473395,cg02484047,cg02493614,cg02510736,cg02537106,cg02558424,cg02569759,cg02578312,cg02590295,cg02596190,cg02602480,cg02620228,cg02621020,cg02631680,cg02642298,cg02661258,cg02661426,cg02668708,cg02671671,cg02683363,cg02697074,cg02707669,cg02709717,cg02716799,cg02717570,cg02723904,cg02736602,cg02763798,cg02773019,cg02788401,cg02792602,cg02836487,cg02859866,cg02862354,cg02870950,cg02878439,cg02896705,cg02898122,cg02916409,cg02925229,cg02929209,cg02938524,cg02964396,cg02976543,cg02994645,cg02996314,cg03004280,cg03031933,cg03041860,cg03044510,cg03053597,cg03061024,cg03067068,cg03069383,cg03108496,cg03121168,cg03128332,cg03144560,cg03174294,cg03183872,cg03184439,cg03186339,cg03214080,cg03239591,cg03262242,cg03276167,cg03301282,cg03309721,cg03330867,cg03352657,cg03373091,cg03383661,cg03394401,cg03415695,cg03426840,cg03433712,cg03462171,cg03468541,cg03489495,cg03508908,cg03533382,cg03542721,cg03576787,cg03591798,cg03592197,cg03598754,cg03599547,cg03609269,cg03612039,cg03614734,cg03623155,cg03628186,cg03634887,cg03646922,cg03648679,cg03650154,cg03668558,cg03674076,cg03689054,cg03700121,cg03705947,cg03720887,cg03747177,cg03765692,cg03771185,cg03809994,cg03820205,cg03829216,cg03919779,cg03921416,cg03968699,cg03973167,cg03982544,cg04004830,cg04015759,cg04020984,cg04027074,cg04033706,cg04053862,cg04061197,cg04071446,cg04100724,cg04104609,cg04111177,cg04121495,cg04125208,cg04128307,cg04131734,cg04132452,cg04202802,cg04232674,cg04237075,cg04240267,cg04260924,cg04265407,cg04266779,cg04266864,cg04298626,cg04311227,cg04314525,cg04317977,cg04324758,cg04337412,cg04358923,cg04364540,cg04373587,cg04386144,cg04413644,cg04421424,cg04426007,cg04428535,cg04431387,cg04434568,cg04437590,cg04454285,cg04484579,cg04498032,cg04515913,cg04534813,cg04539241,cg04547205,cg04559178,cg04565464,cg04568613,cg04584833,cg04617570,cg04627240,cg04677326,cg04686114,cg04691540,cg04736562,cg04738309,cg04750593,cg04780909,cg04791747,cg04810377,cg04825775,cg04856096,cg04869206,cg04876451,cg04886703,cg04900785,cg04913443,cg04914305,cg04920270,cg04925824,cg04939294,cg04947578,cg04948627,cg04959815,cg04971418,cg05000748,cg05001908,cg05002041,cg05011232,cg05020775,cg05020822,cg05024413,cg05040544,cg05041145,cg05095774,cg05100916,cg05122605,cg05128992,cg05135213,cg05157171,cg05171367,cg05231098,cg05241025,cg05257479,cg05270119,cg05281338,cg05315865,cg05350358,cg05360402,cg05422897,cg05449217,cg05461259,cg05468351,cg05484920,cg05494465,cg05534678,cg05592035,cg05592363,cg05616754,cg05621343,cg05622441,cg05637536,cg05637795,cg05640069,cg05663122,cg05669285,cg05702448,cg05704155,cg05712403,cg05727959,cg05733026,cg05752819,cg05756109,cg05782078,cg05787931,cg05796321,cg05808815,cg05861071,cg05874478,cg05900347,cg05913197,cg05920090,cg05923184,cg05924191,cg05930162,cg05931265,cg05931684,cg05954989,cg05959525,cg05990650,cg06007320,cg06025835,cg06045225,cg06056004,cg06058923,cg06073094,cg06074314,cg06110578,cg06137672,cg06138422,cg06157335,cg06169648,cg06200777,cg06220161,cg06310844,cg06380355,cg06385874,cg06391107,cg06419771,cg06427502,cg06438404,cg06443863,cg06456512,cg06468476,cg06476093,cg06496078,cg06500355,cg06534285,cg06542686,cg06542865,cg06550102,cg06577251,cg06598631,cg06604058,cg06621373,cg06626599,cg06634950,cg06636685,cg06639788,cg06652315,cg06652850,cg06665941,cg06679003,cg06686029,cg06690633,cg06700871,cg06703332,cg06710900,cg06717492,cg06723301,cg06728098,cg06728674,cg06731730,cg06736685,cg06745235,cg06745957,cg06748231,cg06753227,cg06777853,cg06790019,cg06793581,cg06794263,cg06796825,cg06800444,cg06807989,cg06815976,cg06826278,cg06836181,cg06848185,cg06852575,cg06896619,cg06901526,cg06911519,cg06919790,cg06927324,cg06928838,cg06973234,cg06979550,cg06983551,cg07000551,cg07010359,cg07021777,cg07023327,cg07061579,cg07087156,cg07089783,cg07093111,cg07113322,cg07122172,cg07146119,cg07156929,cg07160044,cg07181902,cg07197864,cg07213548,cg07220085,cg07226679,cg07255356,cg07269724,cg07277818,cg07306881,cg07318453,cg07333905,cg07344583,cg07352798,cg07354253,cg07355551,cg07375367,cg07387199,cg07399355,cg07417284,cg07423602,cg07436753,cg07439409,cg07458698,cg07461160,cg07466433,cg07472772,cg07489134,cg07513383,cg07519721,cg07519873,cg07520141,cg07535605,cg07538946,cg07562458,cg07562483,cg07570055,cg07571970,cg07580707,cg07589166,cg07598522,cg07630649,cg07645461,cg07697662,cg07702548,cg07742134,cg07753245,cg07817097,cg07818830,cg07865517,cg07882184,cg07882382,cg07913310,cg07923305,cg07923459,cg07926482,cg07927839,cg07940793,cg07956936,cg07958926,cg07963361,cg07972541,cg08005943,cg08009993,cg08039701,cg08097417,cg08125682,cg08158076,cg08158524,cg08192350,cg08209163,cg08274589,cg08324115,cg08326301,cg08334153,cg08336300,cg08348387,cg08354699,cg08370718,cg08387285,cg08390021,cg08399230,cg08427928,cg08440521,cg08444731,cg08464824,cg08472559,cg08492707,cg08510077,cg08577517,cg08577743,cg08599294,cg08610201,cg08612601,cg08653403,cg08659621,cg08667777,cg08701515,cg08755283,cg08763126,cg08763433,cg08817168,cg08857201,cg08866402,cg08872741,cg08876479,cg08876591,cg08882650,cg08883955	E029	2.98e-15
5.719	4.81e-16	E032 Primary B cells from peripheral blood	Blood	H3K4me3	E032-H3K4me3.broadPeak.gz	cg00021237,cg00024722,cg00026230,cg00026974,cg00040423,cg00077299,cg00097536,cg00102920,cg00147578,cg00167275,cg00226754,cg00231920,cg00252696,cg00260647,cg00271154,cg00280548,cg00280814,cg00292435,cg00306421,cg00319567,cg00355633,cg00371453,cg00389341,cg00393376,cg00399650,cg00402069,cg00419759,cg00437985,cg00441754,cg00455883,cg00459447,cg00472801,cg00476986,cg00498603,cg00502932,cg00529946,cg00538370,cg00539325,cg00544734,cg00547077,cg00572487,cg00574907,cg00598261,cg00608467,cg00639286,cg00649827,cg00671225,cg00687252,cg00704288,cg00704909,cg00713294,cg00718440,cg00734800,cg00742472,cg00751288,cg00759634,cg00761755,cg00777537,cg00777895,cg00786747,cg00789423,cg00790928,cg00794178,cg00814733,cg00823995,cg00829944,cg00830767,cg00843623,cg00873521,cg00893385,cg00903375,cg00906435,cg00909976,cg00916439,cg00923803,cg00935924,cg00949554,cg00960509,cg00960580,cg00987699,cg00994411,cg01025599,cg01026613,cg01035689,cg01060358,cg01083340,cg01093329,cg01117833,cg01131038,cg01135780,cg01145709,cg01149132,cg01149896,cg01153979,cg01179631,cg01185138,cg01202751,cg01216607,cg01239717,cg01249180,cg01262133,cg01297808,cg01306985,cg01314194,cg01320048,cg01335042,cg01338834,cg01353569,cg01358551,cg01365762,cg01373292,cg01373691,cg01393327,cg01405143,cg01460557,cg01462829,cg01467266,cg01482912,cg01487433,cg01488674,cg01519164,cg01524091,cg01527159,cg01531665,cg01546046,cg01554453,cg01566127,cg01582807,cg01588546,cg01613965,cg01638175,cg01645753,cg01663225,cg01719123,cg01726103,cg01755728,cg01768179,cg01773951,cg01777630,cg01779076,cg01796104,cg01807919,cg01814186,cg01819787,cg01823956,cg01861096,cg01909487,cg01923740,cg01932076,cg01936090,cg01939479,cg01939664,cg01945391,cg01959412,cg01999086,cg02002494,cg02015876,cg02047359,cg02048674,cg02051077,cg02053340,cg02056921,cg02096656,cg02120584,cg02121330,cg02151625,cg02157667,cg02172824,cg02181963,cg02199589,cg02201215,cg02239805,cg02243437,cg02248325,cg02257675,cg02261604,cg02268424,cg02269221,cg02269272,cg02283485,cg02308112,cg02323694,cg02327123,cg02337499,cg02339297,cg02374837,cg02386183,cg02396143,cg02399652,cg02405530,cg02426912,cg02429398,cg02445447,cg02446681,cg02453779,cg02473395,cg02484047,cg02493614,cg02510736,cg02521102,cg02537106,cg02558424,cg02569759,cg02578312,cg02590295,cg02596190,cg02602480,cg02620228,cg02621020,cg02631680,cg02632809,cg02642298,cg02646394,cg02661258,cg02661426,cg02668708,cg02671671,cg02683363,cg02697074,cg02707669,cg02709717,cg02716799,cg02717570,cg02723904,cg02736602,cg02763798,cg02773019,cg02788401,cg02836487,cg02859866,cg02862354,cg02870950,cg02896705,cg02898122,cg02916409,cg02929209,cg02938524,cg02964396,cg02976543,cg02994645,cg02996314,cg03004280,cg03031933,cg03041860,cg03044510,cg03052431,cg03053597,cg03061024,cg03067068,cg03069383,cg03108496,cg03118206,cg03121168,cg03128332,cg03144560,cg03174294,cg03183872,cg03184439,cg03186339,cg03214080,cg03220945,cg03239591,cg03259243,cg03262242,cg03276167,cg03301282,cg03309721,cg03325014,cg03330867,cg03352657,cg03373091,cg03383661,cg03394401,cg03415695,cg03420286,cg03426840,cg03433712,cg03462171,cg03468541,cg03489495,cg03508908,cg03533382,cg03542721,cg03576787,cg03591798,cg03592197,cg03598754,cg03599547,cg03609269,cg03612039,cg03614734,cg03623155,cg03628186,cg03634887,cg03646922,cg03648679,cg03650154,cg03668558,cg03674076,cg03689054,cg03700121,cg03705947,cg03720887,cg03729853,cg03747177,cg03761477,cg03765692,cg03771185,cg03809994,cg03820205,cg03829216,cg03919779,cg03921416,cg03967192,cg03968699,cg03973167,cg03982544,cg04004632,cg04015759,cg04020984,cg04027074,cg04033706,cg04053862,cg04061197,cg04071446,cg04072768,cg04100724,cg04104609,cg04111177,cg04121495,cg04125208,cg04128307,cg04131734,cg04132452,cg04202802,cg04215179,cg04232674,cg04237075,cg04240267,cg04260924,cg04265407,cg04266779,cg04266864,cg04298626,cg04311227,cg04314525,cg04317977,cg04324758,cg04328477,cg04331511,cg04337412,cg04358923,cg04364540,cg04366385,cg04373587,cg04386144,cg04413644,cg04421424,cg04426007,cg04428535,cg04431387,cg04434568,cg04437590,cg04454285,cg04470905,cg04484579,cg04498032,cg04515913,cg04531254,cg04534813,cg04539241,cg04559178,cg04565464,cg04568613,cg04584833,cg04627240,cg04652621,cg04677326,cg04686114,cg04691540,cg04736562,cg04738309,cg04750593,cg04780909,cg04791747,cg04803843,cg04810377,cg04825775,cg04856096,cg04869206,cg04876451,cg04886703,cg04900785,cg04913443,cg04914305,cg04920270,cg04925824,cg04939294,cg04947578,cg04948627,cg04959815,cg04971418,cg05000748,cg05001908,cg05002041,cg05006231,cg05011232,cg05020775,cg05020822,cg05024413,cg05040544,cg05041145,cg05095774,cg05100916,cg05122605,cg05128992,cg05135213,cg05157171,cg05171367,cg05231098,cg05241025,cg05257479,cg05270119,cg05281338,cg05315865,cg05349062,cg05350358,cg05360402,cg05406635,cg05422897,cg05449217,cg05461259,cg05468351,cg05479582,cg05484920,cg05494465,cg05534678,cg05577902,cg05592035,cg05592363,cg05616754,cg05621343,cg05622441,cg05637536,cg05637795,cg05640069,cg05663122,cg05669285,cg05702448,cg05704155,cg05712403,cg05727959,cg05733026,cg05736236,cg05752819,cg05756109,cg05782078,cg05787931,cg05796321,cg05808815,cg05843966,cg05861071,cg05874478,cg05913197,cg05920090,cg05923184,cg05924191,cg05930162,cg05931265,cg05931684,cg05952120,cg05954989,cg05959525,cg05990650,cg06006623,cg06007320,cg06025835,cg06045225,cg06056004,cg06058923,cg06073094,cg06074314,cg06110578,cg06112779,cg06137672,cg06138422,cg06157335,cg06169648,cg06200777,cg06220161,cg06310844,cg06380355,cg06385874,cg06391107,cg06419771,cg06427502,cg06438404,cg06443863,cg06456512,cg06468476,cg06476093,cg06496078,cg06500355,cg06534285,cg06542686,cg06542865,cg06550102,cg06577251,cg06598631,cg06604058,cg06621373,cg06626599,cg06631310,cg06634950,cg06636685,cg06639788,cg06652850,cg06665941,cg06678902,cg06679003,cg06686029,cg06690633,cg06700871,cg06703332,cg06710900,cg06717492,cg06723301,cg06728098,cg06728674,cg06731730,cg06736685,cg06745235,cg06745957,cg06748231,cg06753227,cg06766659,cg06777853,cg06790019,cg06793581,cg06794263,cg06796825,cg06800444,cg06807989,cg06815976,cg06826278,cg06836181,cg06848185,cg06852575,cg06858186,cg06866657,cg06896619,cg06901526,cg06911519,cg06919790,cg06927324,cg06928838,cg06957130,cg06979550,cg06983551,cg07000551,cg07010359,cg07021777,cg07023327,cg07061579,cg07087156,cg07089783,cg07093111,cg07113322,cg07122172,cg07135797,cg07146119,cg07156929,cg07160044,cg07181902,cg07197864,cg07220085,cg07226679,cg07255356,cg07269724,cg07277818,cg07306881,cg07318453,cg07333905,cg07344583,cg07352798,cg07354253,cg07355551,cg07355693,cg07370646,cg07375367,cg07387199,cg07399355,cg07423602,cg07436753,cg07439409,cg07458698,cg07458712,cg07461160,cg07466433,cg07472772,cg07489134,cg07513383,cg07519721,cg07520141,cg07535605,cg07538946,cg07558287,cg07562458,cg07562483,cg07570055,cg07571970,cg07580707,cg07589166,cg07598522,cg07630649,cg07645461,cg07697662,cg07702548,cg07742134,cg07753245,cg07817097,cg07818830,cg07865517,cg07882184,cg07882382,cg07913310,cg07923305,cg07923459,cg07926482,cg07927839,cg07940793,cg07956936,cg07958926,cg07963361,cg07972541,cg07982935,cg08005943,cg08009993,cg08039701,cg08073527,cg08097417,cg08125682,cg08158076,cg08158524,cg08185661,cg08192350,cg08209163,cg08274589,cg08324115,cg08326301,cg08334153,cg08336300,cg08348387,cg08354699,cg08370718,cg08387285,cg08390021,cg08399230,cg08427928,cg08440521,cg08444731,cg08464824,cg08472559,cg08492707,cg08510077,cg08577517,cg08577743,cg08599294,cg08610201,cg08612601,cg08653403,cg08659621,cg08667777,cg08701515,cg08755283,cg08763126,cg08763433,cg08817168,cg08857201,cg08866402,cg08876479,cg08876591,cg08882650,cg08883955	E032	8.09e-15
5.401	4.87e-16	E033 Primary T cells from cord blood	Blood	H3K4me3	E033-H3K4me3.broadPeak.gz	cg00021237,cg00024722,cg00026230,cg00026974,cg00040423,cg00077299,cg00097536,cg00102920,cg00123055,cg00147578,cg00167275,cg00226754,cg00231920,cg00252696,cg00260647,cg00271154,cg00280548,cg00292435,cg00306421,cg00319567,cg00355633,cg00371453,cg00389341,cg00393376,cg00395140,cg00399650,cg00402069,cg00419759,cg00437985,cg00441754,cg00448143,cg00455883,cg00459447,cg00472801,cg00476986,cg00498603,cg00502932,cg00511674,cg00529946,cg00538370,cg00544734,cg00547077,cg00572487,cg00574907,cg00598261,cg00599266,cg00608467,cg00629514,cg00639286,cg00649827,cg00668227,cg00671225,cg00687252,cg00704288,cg00704909,cg00713294,cg00718440,cg00734800,cg00742472,cg00748373,cg00751288,cg00759634,cg00761755,cg00777537,cg00777895,cg00786747,cg00789423,cg00790928,cg00794178,cg00814733,cg00823995,cg00829944,cg00830767,cg00843623,cg00873521,cg00893385,cg00903375,cg00906435,cg00909976,cg00916439,cg00922697,cg00923803,cg00935924,cg00949554,cg00960509,cg00960580,cg00987699,cg00994411,cg01025599,cg01026613,cg01035689,cg01060358,cg01083340,cg01093329,cg01117833,cg01131038,cg01135780,cg01145709,cg01149132,cg01149896,cg01153979,cg01158415,cg01166350,cg01179631,cg01185138,cg01202751,cg01216607,cg01239717,cg01244944,cg01249180,cg01262133,cg01297808,cg01306985,cg01310829,cg01314194,cg01320048,cg01335042,cg01338834,cg01353569,cg01358551,cg01363714,cg01365762,cg01373691,cg01393327,cg01405143,cg01458686,cg01460557,cg01462829,cg01467266,cg01482912,cg01487433,cg01488674,cg01519164,cg01524091,cg01527159,cg01531665,cg01546046,cg01554453,cg01566127,cg01582807,cg01588546,cg01613965,cg01638175,cg01645753,cg01663225,cg01719123,cg01726103,cg01755728,cg01759562,cg01768179,cg01773951,cg01777630,cg01779076,cg01789478,cg01796104,cg01807919,cg01814186,cg01819787,cg01823956,cg01861096,cg01909487,cg01923740,cg01932076,cg01936090,cg01939479,cg01939664,cg01945391,cg01959412,cg01999086,cg02002494,cg02015876,cg02047359,cg02048674,cg02051077,cg02053340,cg02056921,cg02096656,cg02121330,cg02151625,cg02157667,cg02172824,cg02181963,cg02199589,cg02201215,cg02239805,cg02243437,cg02248325,cg02257675,cg02261604,cg02268424,cg02269221,cg02269272,cg02283485,cg02291403,cg02297747,cg02308112,cg02323694,cg02327123,cg02337499,cg02339297,cg02374837,cg02386183,cg02396143,cg02399652,cg02405530,cg02426912,cg02429398,cg02445447,cg02446681,cg02453779,cg02473395,cg02484047,cg02493614,cg02510736,cg02521102,cg02537106,cg02558424,cg02561482,cg02569759,cg02578312,cg02590295,cg02596190,cg02602480,cg02620228,cg02621020,cg02631680,cg02632809,cg02642298,cg02646394,cg02650266,cg02661258,cg02661426,cg02668708,cg02671671,cg02683363,cg02697074,cg02707669,cg02709717,cg02716799,cg02717570,cg02723904,cg02736602,cg02763798,cg02773019,cg02788401,cg02836487,cg02859866,cg02862354,cg02870950,cg02878439,cg02896705,cg02898122,cg02916409,cg02925229,cg02929209,cg02936451,cg02938524,cg02964396,cg02976543,cg02994645,cg02996314,cg03004280,cg03015433,cg03031933,cg03041860,cg03044510,cg03053597,cg03061024,cg03067068,cg03069383,cg03108496,cg03118206,cg03121168,cg03128332,cg03144560,cg03174294,cg03183872,cg03184439,cg03186339,cg03214080,cg03220945,cg03222971,cg03230579,cg03239591,cg03259243,cg03262242,cg03276167,cg03301282,cg03309721,cg03330867,cg03352657,cg03353863,cg03373091,cg03383661,cg03394401,cg03415695,cg03420286,cg03426840,cg03433712,cg03442378,cg03462171,cg03468541,cg03489495,cg03508908,cg03533382,cg03542721,cg03576787,cg03591798,cg03592197,cg03598754,cg03599547,cg03609269,cg03612039,cg03614734,cg03623155,cg03628186,cg03634887,cg03637815,cg03646922,cg03648679,cg03650154,cg03668558,cg03674076,cg03689054,cg03696599,cg03700121,cg03705947,cg03720887,cg03729853,cg03746482,cg03747177,cg03750606,cg03761477,cg03765692,cg03771185,cg03809994,cg03820205,cg03820828,cg03829216,cg03858673,cg03876032,cg03919779,cg03921416,cg03967192,cg03968699,cg03973167,cg03982544,cg03983647,cg04004632,cg04015759,cg04020984,cg04027074,cg04033706,cg04047221,cg04053862,cg04061197,cg04071446,cg04072768,cg04100724,cg04104609,cg04111177,cg04121495,cg04125208,cg04128307,cg04131734,cg04132452,cg04188862,cg04202802,cg04215179,cg04232674,cg04237075,cg04240267,cg04260924,cg04265407,cg04266779,cg04266864,cg04298626,cg04311227,cg04314525,cg04317977,cg04324758,cg04328477,cg04333213,cg04337412,cg04344565,cg04358923,cg04364540,cg04366385,cg04373587,cg04386144,cg04413644,cg04421424,cg04426007,cg04428535,cg04431387,cg04434568,cg04437590,cg04470905,cg04484579,cg04498032,cg04515913,cg04531254,cg04534813,cg04539241,cg04559178,cg04565464,cg04568613,cg04584833,cg04617570,cg04627240,cg04652621,cg04677326,cg04686114,cg04691540,cg04721302,cg04731120,cg04736562,cg04738309,cg04750593,cg04780909,cg04791747,cg04803843,cg04810377,cg04825775,cg04856096,cg04869206,cg04876451,cg04886703,cg04900785,cg04914305,cg04920270,cg04925824,cg04939294,cg04947578,cg04948627,cg04959815,cg04971418,cg05000748,cg05001908,cg05002041,cg05006231,cg05011232,cg05020775,cg05020822,cg05024413,cg05040544,cg05041145,cg05095774,cg05100916,cg05122605,cg05128992,cg05135213,cg05157171,cg05171367,cg05231098,cg05241025,cg05257479,cg05262436,cg05270119,cg05281338,cg05315865,cg05349062,cg05350358,cg05360402,cg05406635,cg05422897,cg05449217,cg05461259,cg05468351,cg05479582,cg05484920,cg05494465,cg05534678,cg05592035,cg05592363,cg05609414,cg05616754,cg05621343,cg05622441,cg05637536,cg05637795,cg05640069,cg05663122,cg05669285,cg05702448,cg05704155,cg05712403,cg05727959,cg05733026,cg05736236,cg05756109,cg05782078,cg05787931,cg05796321,cg05808815,cg05861071,cg05874478,cg05878337,cg05900347,cg05913197,cg05920090,cg05923184,cg05924191,cg05930162,cg05931265,cg05931684,cg05952120,cg05954989,cg05959525,cg06007320,cg06025835,cg06045225,cg06056004,cg06058923,cg06073094,cg06074314,cg06110578,cg06112779,cg06128043,cg06137672,cg06138195,cg06138422,cg06157335,cg06169648,cg06200777,cg06220161,cg06226283,cg06310844,cg06380355,cg06385874,cg06391107,cg06419771,cg06427502,cg06438404,cg06443863,cg06456512,cg06468476,cg06476093,cg06496078,cg06500355,cg06524479,cg06534285,cg06542686,cg06542865,cg06550102,cg06577251,cg06585708,cg06598631,cg06604058,cg06621373,cg06626599,cg06631310,cg06636685,cg06639788,cg06652315,cg06652850,cg06665941,cg06678902,cg06679003,cg06686029,cg06690633,cg06700871,cg06703332,cg06710900,cg06717492,cg06723301,cg06728098,cg06728674,cg06731730,cg06736685,cg06745235,cg06745957,cg06748231,cg06753227,cg06766659,cg06777853,cg06790019,cg06793581,cg06794263,cg06796825,cg06800444,cg06807989,cg06815976,cg06836181,cg06848185,cg06852575,cg06858186,cg06896619,cg06901526,cg06911519,cg06919790,cg06927324,cg06928838,cg06957130,cg06966660,cg06979550,cg06983551,cg07000551,cg07010359,cg07021777,cg07023327,cg07051329,cg07061579,cg07087156,cg07089783,cg07093111,cg07101354,cg07113322,cg07122172,cg07135797,cg07156929,cg07160044,cg07181902,cg07197864,cg07213548,cg07220085,cg07226679,cg07255356,cg07269724,cg07277818,cg07306881,cg07318453,cg07333905,cg07339229,cg07344583,cg07352798,cg07354253,cg07355551,cg07370646,cg07375367,cg07387199,cg07399355,cg07417284,cg07423602,cg07436753,cg07439409,cg07458698,cg07461160,cg07466433,cg07472772,cg07483523,cg07489134,cg07513383,cg07519721,cg07520141,cg07535605,cg07536847,cg07538946,cg07558287,cg07562458,cg07562483,cg07570055,cg07571970,cg07580707,cg07589166,cg07598522,cg07630649,cg07645461,cg07697662,cg07702548,cg07742134,cg07753245,cg07817097,cg07818830,cg07865517,cg07882184,cg07882382,cg07913310,cg07923305,cg07923459,cg07926482,cg07927839,cg07940793,cg07956936,cg07958926,cg07963361,cg07972541,cg07982935,cg08005943,cg08009993,cg08039701,cg08097417,cg08125682,cg08158076,cg08158524,cg08185661,cg08192350,cg08209163,cg08274589,cg08326301,cg08334153,cg08336300,cg08348387,cg08354699,cg08370718,cg08387285,cg08390021,cg08399230,cg08411512,cg08427928,cg08440521,cg08444731,cg08464824,cg08472559,cg08492707,cg08510077,cg08532834,cg08577517,cg08577743,cg08599294,cg08610201,cg08612601,cg08653403,cg08659621,cg08667777,cg08701515,cg08751265,cg08755283,cg08763126,cg08763433,cg08787268,cg08817168,cg08857201,cg08866402,cg08876479,cg08876591,cg08882650,cg08883955	E033	8.09e-15
5.471	1.55e-15	E034 Primary T cells from peripheral blood	Blood	H3K4me3	E034-H3K4me3.broadPeak.gz	cg00021237,cg00024722,cg00026230,cg00026974,cg00040423,cg00077299,cg00097536,cg00102920,cg00147578,cg00167275,cg00226754,cg00231920,cg00252696,cg00260647,cg00271154,cg00280548,cg00292435,cg00306421,cg00319567,cg00355633,cg00371453,cg00389341,cg00393376,cg00395140,cg00399650,cg00402069,cg00419759,cg00441754,cg00455883,cg00459447,cg00472801,cg00476986,cg00498603,cg00502932,cg00529946,cg00538370,cg00544734,cg00547077,cg00572487,cg00574907,cg00598261,cg00608467,cg00639286,cg00649827,cg00668227,cg00687252,cg00704288,cg00704909,cg00713294,cg00718440,cg00734800,cg00742472,cg00751288,cg00761755,cg00777537,cg00777895,cg00786747,cg00789423,cg00790928,cg00794178,cg00814733,cg00823995,cg00829944,cg00830767,cg00843623,cg00873521,cg00893385,cg00903375,cg00906435,cg00909976,cg00916439,cg00922697,cg00922781,cg00923803,cg00935924,cg00949554,cg00960509,cg00960580,cg00987699,cg00994411,cg01025599,cg01026613,cg01035689,cg01060358,cg01083340,cg01093329,cg01117833,cg01135780,cg01145709,cg01149132,cg01149896,cg01153979,cg01179631,cg01185138,cg01202751,cg01216607,cg01239717,cg01244944,cg01249180,cg01262133,cg01297808,cg01306985,cg01314194,cg01320048,cg01335042,cg01338834,cg01353569,cg01358551,cg01363714,cg01365762,cg01373292,cg01373691,cg01393327,cg01405143,cg01460557,cg01462829,cg01467266,cg01482912,cg01487433,cg01488674,cg01519164,cg01524091,cg01527159,cg01531665,cg01546046,cg01554453,cg01566127,cg01582807,cg01588546,cg01613965,cg01645753,cg01663225,cg01719123,cg01726103,cg01755728,cg01759562,cg01768179,cg01773951,cg01777630,cg01779076,cg01796104,cg01807919,cg01814186,cg01816191,cg01819787,cg01823956,cg01861096,cg01909487,cg01923740,cg01932076,cg01936090,cg01939479,cg01939664,cg01945391,cg01959412,cg01999086,cg02002494,cg02015876,cg02047359,cg02048674,cg02051077,cg02053340,cg02056921,cg02065970,cg02096656,cg02121330,cg02137583,cg02151625,cg02157667,cg02172824,cg02181963,cg02199589,cg02201215,cg02239805,cg02243437,cg02248325,cg02257675,cg02261604,cg02268424,cg02269221,cg02269272,cg02283485,cg02297747,cg02308112,cg02323694,cg02334926,cg02337499,cg02339297,cg02374837,cg02386183,cg02390278,cg02396143,cg02399652,cg02405530,cg02426912,cg02429398,cg02445447,cg02446681,cg02453779,cg02473395,cg02484047,cg02493614,cg02510736,cg02537106,cg02558424,cg02569759,cg02578312,cg02590295,cg02596190,cg02602480,cg02620228,cg02621020,cg02631680,cg02632809,cg02642298,cg02646394,cg02661258,cg02661426,cg02668708,cg02671671,cg02683363,cg02697074,cg02707669,cg02709717,cg02716799,cg02717570,cg02723904,cg02736602,cg02763798,cg02773019,cg02788401,cg02836487,cg02859866,cg02862354,cg02870950,cg02878439,cg02896705,cg02898122,cg02916409,cg02929209,cg02938524,cg02964396,cg02976543,cg02994645,cg02996314,cg03004280,cg03015433,cg03031933,cg03041860,cg03044510,cg03053597,cg03061024,cg03067068,cg03069383,cg03108496,cg03118206,cg03121168,cg03144560,cg03174294,cg03175653,cg03183872,cg03184439,cg03186339,cg03214080,cg03220945,cg03222971,cg03230579,cg03239591,cg03259243,cg03262242,cg03276167,cg03301282,cg03309721,cg03330867,cg03352657,cg03353863,cg03373091,cg03383661,cg03394401,cg03415695,cg03420286,cg03426840,cg03433712,cg03462171,cg03468541,cg03489495,cg03508908,cg03533382,cg03542721,cg03576787,cg03591798,cg03592197,cg03598754,cg03599547,cg03609269,cg03612039,cg03614734,cg03623155,cg03628186,cg03634887,cg03646922,cg03648679,cg03650154,cg03668558,cg03674076,cg03689054,cg03700121,cg03705947,cg03720887,cg03729853,cg03747177,cg03761477,cg03765692,cg03771185,cg03809994,cg03820205,cg03829216,cg03891268,cg03919779,cg03921416,cg03967192,cg03968699,cg03973167,cg03982544,cg04015759,cg04020984,cg04027074,cg04033706,cg04053862,cg04061197,cg04071446,cg04100724,cg04104609,cg04111177,cg04121495,cg04125208,cg04128307,cg04131734,cg04132452,cg04202802,cg04215179,cg04232674,cg04237075,cg04240267,cg04260924,cg04265407,cg04266779,cg04266864,cg04298626,cg04311227,cg04314525,cg04317977,cg04324758,cg04328477,cg04337412,cg04358923,cg04364540,cg04366385,cg04373587,cg04386144,cg04413644,cg04421424,cg04426007,cg04428535,cg04431387,cg04434568,cg04437590,cg04470905,cg04484579,cg04498032,cg04515913,cg04531254,cg04534813,cg04539241,cg04547205,cg04559178,cg04565464,cg04568613,cg04584833,cg04617570,cg04627240,cg04652621,cg04656042,cg04657325,cg04677326,cg04686114,cg04691540,cg04721302,cg04736562,cg04738309,cg04750593,cg04780909,cg04791747,cg04803843,cg04810377,cg04825775,cg04856096,cg04869206,cg04876451,cg04886703,cg04900785,cg04913443,cg04914305,cg04920270,cg04925824,cg04939294,cg04947578,cg04948627,cg04959815,cg04971418,cg04986276,cg05000748,cg05001908,cg05002041,cg05006231,cg05011232,cg05020775,cg05020822,cg05024413,cg05040544,cg05041145,cg05095774,cg05100916,cg05122605,cg05128992,cg05135213,cg05157171,cg05171367,cg05214685,cg05231098,cg05241025,cg05257479,cg05262436,cg05270119,cg05281338,cg05315865,cg05349062,cg05350358,cg05360402,cg05406635,cg05422897,cg05449217,cg05461259,cg05468351,cg05484920,cg05494465,cg05534678,cg05592035,cg05592363,cg05616754,cg05621343,cg05622441,cg05637536,cg05637795,cg05640069,cg05663122,cg05669285,cg05699123,cg05702448,cg05704155,cg05712403,cg05727959,cg05733026,cg05736236,cg05752819,cg05756109,cg05782078,cg05787931,cg05796321,cg05808815,cg05861071,cg05874478,cg05913197,cg05920090,cg05923184,cg05924191,cg05930162,cg05931265,cg05931684,cg05952120,cg05954989,cg05959525,cg06007320,cg06025835,cg06045225,cg06056004,cg06058923,cg06074314,cg06110578,cg06112779,cg06137672,cg06138195,cg06138422,cg06157335,cg06169648,cg06200777,cg06220161,cg06290265,cg06310844,cg06380355,cg06385874,cg06391107,cg06419771,cg06427502,cg06438404,cg06443863,cg06456512,cg06468476,cg06476093,cg06496078,cg06500355,cg06524479,cg06534285,cg06542686,cg06542865,cg06550102,cg06577251,cg06598631,cg06604058,cg06606548,cg06621373,cg06626599,cg06631310,cg06634950,cg06636685,cg06639788,cg06652850,cg06665941,cg06679003,cg06686029,cg06690633,cg06700871,cg06703332,cg06710900,cg06717492,cg06723301,cg06728098,cg06728674,cg06731730,cg06736685,cg06745235,cg06745957,cg06748231,cg06753227,cg06766659,cg06777853,cg06790019,cg06793581,cg06794263,cg06796825,cg06800444,cg06807989,cg06815976,cg06836181,cg06848185,cg06852575,cg06858186,cg06896619,cg06901526,cg06911519,cg06919790,cg06927324,cg06928838,cg06957130,cg06973234,cg06979550,cg06983551,cg07000551,cg07010359,cg07021777,cg07023327,cg07061579,cg07087156,cg07089783,cg07093111,cg07094915,cg07101354,cg07113322,cg07122172,cg07135797,cg07156929,cg07160044,cg07181902,cg07197864,cg07213548,cg07220085,cg07226679,cg07255356,cg07266126,cg07269724,cg07277818,cg07306881,cg07318453,cg07333905,cg07344583,cg07352798,cg07354253,cg07355551,cg07370646,cg07375367,cg07387199,cg07399355,cg07417284,cg07423602,cg07436753,cg07439409,cg07458698,cg07458712,cg07461160,cg07466433,cg07472772,cg07483523,cg07489134,cg07504545,cg07513383,cg07519721,cg07519873,cg07520141,cg07535605,cg07538946,cg07562458,cg07562483,cg07570055,cg07571970,cg07580707,cg07589166,cg07598522,cg07630649,cg07645461,cg07697662,cg07702548,cg07742134,cg07753245,cg07817097,cg07818830,cg07865517,cg07882184,cg07882382,cg07892879,cg07913310,cg07923305,cg07923459,cg07926482,cg07927839,cg07940793,cg07956936,cg07958926,cg07963361,cg07972541,cg07982935,cg08005943,cg08009993,cg08039701,cg08072980,cg08073527,cg08097417,cg08125682,cg08158076,cg08158524,cg08192350,cg08209163,cg08274589,cg08324115,cg08326301,cg08334153,cg08336300,cg08348387,cg08354699,cg08370718,cg08387285,cg08390021,cg08399230,cg08411512,cg08427928,cg08440521,cg08444731,cg08464824,cg08472559,cg08492707,cg08510077,cg08555653,cg08577341,cg08577517,cg08577743,cg08599294,cg08610201,cg08612601,cg08659621,cg08667777,cg08701515,cg08755283,cg08763126,cg08763433,cg08817168,cg08857201,cg08866402,cg08872741,cg08876479,cg08876591,cg08882650,cg08883955	E034	2.06e-14
6.349	1.05e-18	E046 Primary Natural Killer cells from peripheral 	Blood	H3K4me3	E046-H3K4me3.broadPeak.gz	cg00021237,cg00024722,cg00026230,cg00026974,cg00040423,cg00077299,cg00097536,cg00102920,cg00147578,cg00167275,cg00205436,cg00226754,cg00231920,cg00252696,cg00260647,cg00271154,cg00280548,cg00280814,cg00292435,cg00306421,cg00319567,cg00355633,cg00371453,cg00389341,cg00393376,cg00399650,cg00402069,cg00419759,cg00437985,cg00441754,cg00455883,cg00459447,cg00472801,cg00476986,cg00498603,cg00502932,cg00529946,cg00538370,cg00544734,cg00547077,cg00572487,cg00598261,cg00599266,cg00608467,cg00639286,cg00649827,cg00668227,cg00687252,cg00704288,cg00704909,cg00713294,cg00718440,cg00734800,cg00742472,cg00751288,cg00759634,cg00761755,cg00777537,cg00777895,cg00786747,cg00789423,cg00790928,cg00814733,cg00823995,cg00829944,cg00830767,cg00843623,cg00873521,cg00889778,cg00893385,cg00903375,cg00906435,cg00909976,cg00916439,cg00922781,cg00923803,cg00935924,cg00949554,cg00960509,cg00960580,cg00987699,cg00994411,cg01025599,cg01026613,cg01035689,cg01060358,cg01083340,cg01093329,cg01117833,cg01131038,cg01135780,cg01145709,cg01149132,cg01149896,cg01153979,cg01179631,cg01185138,cg01202751,cg01216607,cg01239717,cg01249180,cg01262133,cg01297808,cg01306985,cg01314194,cg01335042,cg01338834,cg01353569,cg01358551,cg01365762,cg01373691,cg01393327,cg01405143,cg01460557,cg01462829,cg01467266,cg01482912,cg01487433,cg01488674,cg01519164,cg01524091,cg01527159,cg01531665,cg01546046,cg01554453,cg01566127,cg01582807,cg01588546,cg01613965,cg01638175,cg01645753,cg01663225,cg01719123,cg01726103,cg01755728,cg01759562,cg01768179,cg01773951,cg01777630,cg01779076,cg01796104,cg01807919,cg01814186,cg01819787,cg01823956,cg01861096,cg01909487,cg01923740,cg01932076,cg01936090,cg01939479,cg01939664,cg01945391,cg01959412,cg01999086,cg02002494,cg02015876,cg02047359,cg02048674,cg02051077,cg02053340,cg02056921,cg02096656,cg02121330,cg02151625,cg02157667,cg02172824,cg02181963,cg02199589,cg02201215,cg02239805,cg02243437,cg02248325,cg02257675,cg02261604,cg02268424,cg02269221,cg02269272,cg02283485,cg02297747,cg02308112,cg02323694,cg02334926,cg02337499,cg02339297,cg02374837,cg02386183,cg02396143,cg02399652,cg02405530,cg02426912,cg02429398,cg02445447,cg02446681,cg02453779,cg02473395,cg02484047,cg02493614,cg02510736,cg02521102,cg02537106,cg02558424,cg02569759,cg02578312,cg02590295,cg02596190,cg02602480,cg02620228,cg02621020,cg02631680,cg02632809,cg02642298,cg02646394,cg02661258,cg02661426,cg02668708,cg02671671,cg02683363,cg02697074,cg02707669,cg02709717,cg02716799,cg02717570,cg02723904,cg02736602,cg02763798,cg02773019,cg02788401,cg02836487,cg02859866,cg02862354,cg02870950,cg02896705,cg02898122,cg02916409,cg02929209,cg02938524,cg02964396,cg02976543,cg02994645,cg02996314,cg03004280,cg03031933,cg03041860,cg03044510,cg03053597,cg03061024,cg03067068,cg03069383,cg03108496,cg03118206,cg03121168,cg03144560,cg03174294,cg03175653,cg03183872,cg03184439,cg03186339,cg03214080,cg03220945,cg03222971,cg03230579,cg03239591,cg03259243,cg03262242,cg03276167,cg03301282,cg03309721,cg03330867,cg03352657,cg03373091,cg03383661,cg03394401,cg03415695,cg03426840,cg03433712,cg03462171,cg03468541,cg03489495,cg03508908,cg03533382,cg03542721,cg03576787,cg03591798,cg03592197,cg03598754,cg03599547,cg03609269,cg03612039,cg03614734,cg03623155,cg03628186,cg03634887,cg03646922,cg03648679,cg03650154,cg03668558,cg03674076,cg03689054,cg03696599,cg03700121,cg03705947,cg03720887,cg03729853,cg03747177,cg03761477,cg03765692,cg03771185,cg03809994,cg03820205,cg03820828,cg03829216,cg03919779,cg03921416,cg03967192,cg03968699,cg03973167,cg03982544,cg04015759,cg04020984,cg04027074,cg04033706,cg04053862,cg04061197,cg04071446,cg04072768,cg04100724,cg04104609,cg04111177,cg04121495,cg04125208,cg04128307,cg04131734,cg04132452,cg04202802,cg04215179,cg04232674,cg04237075,cg04240267,cg04260924,cg04265407,cg04266779,cg04266864,cg04285493,cg04298626,cg04311227,cg04314525,cg04317977,cg04324758,cg04328477,cg04337412,cg04358923,cg04364540,cg04366385,cg04373587,cg04386144,cg04413644,cg04421424,cg04426007,cg04428535,cg04431387,cg04434568,cg04437590,cg04470905,cg04484579,cg04498032,cg04515913,cg04531254,cg04534813,cg04539241,cg04547205,cg04559178,cg04565464,cg04568613,cg04576847,cg04584833,cg04617570,cg04627240,cg04652621,cg04656042,cg04665204,cg04677326,cg04686114,cg04691540,cg04731120,cg04736562,cg04738309,cg04750593,cg04780909,cg04791747,cg04803843,cg04810377,cg04825775,cg04856096,cg04869206,cg04876451,cg04886703,cg04900785,cg04913443,cg04914305,cg04920270,cg04925824,cg04939294,cg04947578,cg04948627,cg04959815,cg04971418,cg05000748,cg05001908,cg05002041,cg05006231,cg05011232,cg05020775,cg05020822,cg05024413,cg05040544,cg05041145,cg05095774,cg05100916,cg05122605,cg05128992,cg05135213,cg05157171,cg05171367,cg05231098,cg05241025,cg05257479,cg05270119,cg05281338,cg05315865,cg05350358,cg05360402,cg05422897,cg05449217,cg05461259,cg05468351,cg05484920,cg05494465,cg05534678,cg05577902,cg05592035,cg05592363,cg05616754,cg05621343,cg05622441,cg05637536,cg05637795,cg05640069,cg05663122,cg05669285,cg05702448,cg05704155,cg05712403,cg05727959,cg05733026,cg05736236,cg05752819,cg05756109,cg05782078,cg05787931,cg05796321,cg05808815,cg05861071,cg05874478,cg05913197,cg05920090,cg05923184,cg05924191,cg05930162,cg05931265,cg05931684,cg05952120,cg05954989,cg05959525,cg05990650,cg06006623,cg06007320,cg06045225,cg06056004,cg06058923,cg06074314,cg06110578,cg06137672,cg06138422,cg06157335,cg06169648,cg06200777,cg06220161,cg06310844,cg06380355,cg06385874,cg06391107,cg06419771,cg06427502,cg06438404,cg06443863,cg06456512,cg06468476,cg06476093,cg06496078,cg06500355,cg06534285,cg06542686,cg06542865,cg06550102,cg06577251,cg06598631,cg06604058,cg06621373,cg06626599,cg06634950,cg06636685,cg06639788,cg06652850,cg06665941,cg06679003,cg06686029,cg06690633,cg06700871,cg06703332,cg06710900,cg06717492,cg06723301,cg06728098,cg06728674,cg06731730,cg06736685,cg06745235,cg06745957,cg06748231,cg06753227,cg06766659,cg06777853,cg06790019,cg06793581,cg06794263,cg06796825,cg06800444,cg06807989,cg06815976,cg06836181,cg06848185,cg06852575,cg06858186,cg06864005,cg06896619,cg06901526,cg06911519,cg06919790,cg06927324,cg06928838,cg06957130,cg06973234,cg06979550,cg06983551,cg07000551,cg07010359,cg07021777,cg07023327,cg07051329,cg07061579,cg07087156,cg07089783,cg07093111,cg07094915,cg07101354,cg07113322,cg07122172,cg07135797,cg07146119,cg07156929,cg07160044,cg07181902,cg07197864,cg07213548,cg07220085,cg07226679,cg07255356,cg07269724,cg07277818,cg07306881,cg07318453,cg07333905,cg07344583,cg07352798,cg07354253,cg07355551,cg07370646,cg07375367,cg07387199,cg07399355,cg07417284,cg07423602,cg07436753,cg07439409,cg07458698,cg07461160,cg07466433,cg07472772,cg07483523,cg07489134,cg07513383,cg07519721,cg07519873,cg07520141,cg07535605,cg07538946,cg07562458,cg07562483,cg07570055,cg07571970,cg07580707,cg07589166,cg07598522,cg07630649,cg07645461,cg07697662,cg07702548,cg07742134,cg07753245,cg07817097,cg07818830,cg07865517,cg07882184,cg07882382,cg07913310,cg07923305,cg07923459,cg07926482,cg07927839,cg07940793,cg07956936,cg07958926,cg07963361,cg07972541,cg07982935,cg08005943,cg08009993,cg08039701,cg08097417,cg08125682,cg08158076,cg08158524,cg08192350,cg08209163,cg08274589,cg08324115,cg08326301,cg08334153,cg08336300,cg08348387,cg08354699,cg08370718,cg08387285,cg08390021,cg08399230,cg08411512,cg08427928,cg08444731,cg08450752,cg08464824,cg08472559,cg08492707,cg08510077,cg08532834,cg08577517,cg08577743,cg08599294,cg08610201,cg08612601,cg08653403,cg08659621,cg08667777,cg08701515,cg08755283,cg08763126,cg08763433,cg08817168,cg08857201,cg08866402,cg08876479,cg08876591,cg08882650,cg08883955	E046	1.75e-16
4.997	1.44e-17	E050 Primary hematopoietic stem cells G-CSF-mobili	Blood	H3K4me3	E050-H3K4me3.broadPeak.gz	cg00021237,cg00024722,cg00026230,cg00026974,cg00040423,cg00077299,cg00097536,cg00102920,cg00123055,cg00147578,cg00167275,cg00179576,cg00226754,cg00231920,cg00252696,cg00260647,cg00271154,cg00280548,cg00280814,cg00292435,cg00306421,cg00319567,cg00320345,cg00355633,cg00371453,cg00389341,cg00393376,cg00395140,cg00399650,cg00402069,cg00419759,cg00437985,cg00441754,cg00448143,cg00455883,cg00459447,cg00472801,cg00476986,cg00498603,cg00502932,cg00503302,cg00529946,cg00538370,cg00544734,cg00547077,cg00572487,cg00574907,cg00598261,cg00608467,cg00637687,cg00639286,cg00649827,cg00668227,cg00671225,cg00687252,cg00704288,cg00704909,cg00713294,cg00718440,cg00734800,cg00742472,cg00748373,cg00751288,cg00759634,cg00761755,cg00777537,cg00777895,cg00786747,cg00789423,cg00790928,cg00794178,cg00814733,cg00823995,cg00829944,cg00830767,cg00843623,cg00873521,cg00893385,cg00903375,cg00906435,cg00909976,cg00913521,cg00916439,cg00922697,cg00922781,cg00923803,cg00935924,cg00949554,cg00960509,cg00960580,cg00987699,cg00994411,cg01025599,cg01026613,cg01035689,cg01060358,cg01083340,cg01093329,cg01117833,cg01131038,cg01135780,cg01145709,cg01149132,cg01149896,cg01153979,cg01166350,cg01179631,cg01185138,cg01202751,cg01216607,cg01239717,cg01244944,cg01249180,cg01262133,cg01297808,cg01306985,cg01310829,cg01314194,cg01320048,cg01335042,cg01338834,cg01353569,cg01358551,cg01363714,cg01365762,cg01373292,cg01373691,cg01393327,cg01405143,cg01458686,cg01460557,cg01462829,cg01467266,cg01482912,cg01487433,cg01488674,cg01519164,cg01524091,cg01527159,cg01531665,cg01546046,cg01554453,cg01566127,cg01582807,cg01588546,cg01613965,cg01638175,cg01638235,cg01645753,cg01663225,cg01719123,cg01726103,cg01755728,cg01759562,cg01768179,cg01769354,cg01773951,cg01777630,cg01779076,cg01789478,cg01796104,cg01807919,cg01814186,cg01816191,cg01819787,cg01823956,cg01861096,cg01906015,cg01909487,cg01923740,cg01932076,cg01936090,cg01939479,cg01939664,cg01945391,cg01959412,cg01999086,cg02002494,cg02015876,cg02047359,cg02048674,cg02051077,cg02053340,cg02056921,cg02096656,cg02120584,cg02121330,cg02151625,cg02157667,cg02172824,cg02181963,cg02199589,cg02201215,cg02210038,cg02239805,cg02243437,cg02248325,cg02257675,cg02261604,cg02268424,cg02269221,cg02269272,cg02283485,cg02291403,cg02297747,cg02308112,cg02323694,cg02327123,cg02334926,cg02337499,cg02339297,cg02350644,cg02374837,cg02385840,cg02386183,cg02396143,cg02399652,cg02405530,cg02426912,cg02429398,cg02445447,cg02446681,cg02453779,cg02473395,cg02484047,cg02493614,cg02510736,cg02521102,cg02537106,cg02542103,cg02558424,cg02569759,cg02578312,cg02590295,cg02596190,cg02602480,cg02620228,cg02621020,cg02631680,cg02632809,cg02642298,cg02646394,cg02646665,cg02650266,cg02661258,cg02661426,cg02668708,cg02671671,cg02683363,cg02697074,cg02707669,cg02709717,cg02716799,cg02717570,cg02723904,cg02727104,cg02736602,cg02763798,cg02768390,cg02773019,cg02788401,cg02792602,cg02836487,cg02859866,cg02862354,cg02863073,cg02870950,cg02878439,cg02896705,cg02898122,cg02916409,cg02925229,cg02929209,cg02936451,cg02938524,cg02964396,cg02976543,cg02994645,cg02996314,cg03004280,cg03015433,cg03031933,cg03041860,cg03044510,cg03052431,cg03053597,cg03061024,cg03067068,cg03069383,cg03108496,cg03118206,cg03121168,cg03128332,cg03144560,cg03174294,cg03175653,cg03183872,cg03184439,cg03186339,cg03214080,cg03220945,cg03222971,cg03230579,cg03239591,cg03259243,cg03262242,cg03276167,cg03301282,cg03309721,cg03322872,cg03330867,cg03352657,cg03353863,cg03373091,cg03383661,cg03394401,cg03415695,cg03420286,cg03426840,cg03433712,cg03442378,cg03462171,cg03468541,cg03489495,cg03508908,cg03533382,cg03542721,cg03575764,cg03576787,cg03591798,cg03592197,cg03598754,cg03599547,cg03609269,cg03612039,cg03614734,cg03623155,cg03628186,cg03634887,cg03637815,cg03646922,cg03648679,cg03650154,cg03655371,cg03668558,cg03674076,cg03689054,cg03696599,cg03700121,cg03705947,cg03720887,cg03729853,cg03746482,cg03747177,cg03750606,cg03761477,cg03765692,cg03771185,cg03809994,cg03820205,cg03820828,cg03829216,cg03891268,cg03891330,cg03919779,cg03921416,cg03967192,cg03968699,cg03973167,cg03982544,cg03983647,cg04004632,cg04004830,cg04015759,cg04020984,cg04027074,cg04033706,cg04047221,cg04053862,cg04061197,cg04063589,cg04071446,cg04072768,cg04100724,cg04104609,cg04111177,cg04121495,cg04125208,cg04128307,cg04131734,cg04132452,cg04188862,cg04202802,cg04215179,cg04232674,cg04237075,cg04240267,cg04260924,cg04265407,cg04266779,cg04266864,cg04285493,cg04298626,cg04311227,cg04314525,cg04317977,cg04324758,cg04328477,cg04331511,cg04333213,cg04337412,cg04344565,cg04358923,cg04364540,cg04366385,cg04373587,cg04386144,cg04413644,cg04421424,cg04426007,cg04428535,cg04431387,cg04434568,cg04437590,cg04454285,cg04470905,cg04484579,cg04498032,cg04515913,cg04531254,cg04534813,cg04539241,cg04547205,cg04559178,cg04565464,cg04568613,cg04584833,cg04617570,cg04627240,cg04652621,cg04656042,cg04677326,cg04686114,cg04691540,cg04714638,cg04731120,cg04736562,cg04738309,cg04750593,cg04759767,cg04764907,cg04780909,cg04791747,cg04803843,cg04810377,cg04825775,cg04856096,cg04869206,cg04876451,cg04886703,cg04900785,cg04913443,cg04914305,cg04920270,cg04925824,cg04930469,cg04939294,cg04947578,cg04948627,cg04959815,cg04971418,cg05000748,cg05001908,cg05002041,cg05006231,cg05011232,cg05020775,cg05020822,cg05024413,cg05040544,cg05041145,cg05095774,cg05100916,cg05122605,cg05128992,cg05135213,cg05157171,cg05171367,cg05231098,cg05241025,cg05257479,cg05262436,cg05270119,cg05281338,cg05315865,cg05320820,cg05336115,cg05349062,cg05350358,cg05360402,cg05422897,cg05449217,cg05461259,cg05468351,cg05479582,cg05484920,cg05494465,cg05534678,cg05564608,cg05577902,cg05592035,cg05592363,cg05616754,cg05621343,cg05622441,cg05637536,cg05637795,cg05640069,cg05663122,cg05669285,cg05699123,cg05702448,cg05704155,cg05712403,cg05727959,cg05733026,cg05736236,cg05752819,cg05756109,cg05782078,cg05783854,cg05786840,cg05787931,cg05796321,cg05808815,cg05849857,cg05861071,cg05874478,cg05878337,cg05900347,cg05913197,cg05920090,cg05923184,cg05924191,cg05930162,cg05931265,cg05931684,cg05940231,cg05952120,cg05954989,cg05955675,cg05959525,cg05990650,cg06006623,cg06007320,cg06025835,cg06045225,cg06056004,cg06058923,cg06073094,cg06074314,cg06110578,cg06112779,cg06137672,cg06138195,cg06138422,cg06157335,cg06169648,cg06200777,cg06220161,cg06226283,cg06310844,cg06380355,cg06385874,cg06391107,cg06419771,cg06421526,cg06427502,cg06438404,cg06443863,cg06456512,cg06468476,cg06476093,cg06496078,cg06496222,cg06500355,cg06524479,cg06534285,cg06542686,cg06542865,cg06550102,cg06577251,cg06585708,cg06598631,cg06604058,cg06621373,cg06626599,cg06631310,cg06634950,cg06636685,cg06639788,cg06652315,cg06652850,cg06665941,cg06678902,cg06679003,cg06686029,cg06690633,cg06700871,cg06703332,cg06710900,cg06717492,cg06723301,cg06728098,cg06728674,cg06731730,cg06732976,cg06736685,cg06745235,cg06745957,cg06748231,cg06753227,cg06766659,cg06777853,cg06790019,cg06793581,cg06794263,cg06796825,cg06800444,cg06807989,cg06815976,cg06836181,cg06848185,cg06852575,cg06858186,cg06866657,cg06896619,cg06901526,cg06911519,cg06919790,cg06927324,cg06928838,cg06957130,cg06966660,cg06973234,cg06979550,cg06983551,cg07000551,cg07010359,cg07021777,cg07023327,cg07051329,cg07061579,cg07087156,cg07089783,cg07093111,cg07094915,cg07101354,cg07113322,cg07122172,cg07135797,cg07146119,cg07156929,cg07160044,cg07167946,cg07181902,cg07197864,cg07213548,cg07220085,cg07226679,cg07255356,cg07269724,cg07277818,cg07306881,cg07318453,cg07324633,cg07333905,cg07344583,cg07352798,cg07354253,cg07355551,cg07370646,cg07375367,cg07387199,cg07399355,cg07417284,cg07423602,cg07436753,cg07439409,cg07458698,cg07458712,cg07461160,cg07466433,cg07472772,cg07483523,cg07489134,cg07513383,cg07519721,cg07519873,cg07520141,cg07535605,cg07536847,cg07538946,cg07558287,cg07562458,cg07562483,cg07570055,cg07571970,cg07580707,cg07589166,cg07598522,cg07630649,cg07645461,cg07697662,cg07702548,cg07742134,cg07753245,cg07785225,cg07817097,cg07818830,cg07865517,cg07882184,cg07882382,cg07913310,cg07923305,cg07923459,cg07926482,cg07927839,cg07940793,cg07956936,cg07958926,cg07963361,cg07972541,cg07982935,cg08005943,cg08009993,cg08039701,cg08097417,cg08125682,cg08158076,cg08158524,cg08169394,cg08185661,cg08192350,cg08209163,cg08272731,cg08274589,cg08324115,cg08326301,cg08334153,cg08336300,cg08348387,cg08354699,cg08370718,cg08387285,cg08390021,cg08399230,cg08411512,cg08427928,cg08440521,cg08444731,cg08464824,cg08472559,cg08492707,cg08510077,cg08555460,cg08555653,cg08577517,cg08577743,cg08599294,cg08610201,cg08612601,cg08649216,cg08653403,cg08659621,cg08667777,cg08701515,cg08751265,cg08755283,cg08763126,cg08763433,cg08817168,cg08857201,cg08866402,cg08872741,cg08876479,cg08876591,cg08882650,cg08883955	E050	5.96e-16
4.936	1.25e-16	E051 Primary hematopoietic stem cells G-CSF-mobili	Blood	H3K4me3	E051-H3K4me3.broadPeak.gz	cg00021237,cg00024722,cg00026230,cg00026974,cg00040423,cg00077299,cg00097536,cg00102920,cg00123055,cg00147578,cg00167275,cg00226754,cg00231920,cg00252696,cg00260647,cg00271154,cg00280548,cg00280814,cg00292435,cg00306421,cg00319567,cg00320345,cg00355633,cg00371453,cg00389341,cg00393376,cg00399650,cg00402069,cg00419759,cg00437985,cg00441754,cg00448143,cg00455883,cg00459447,cg00472801,cg00476986,cg00498603,cg00502932,cg00503302,cg00529946,cg00538370,cg00544734,cg00547077,cg00572487,cg00574907,cg00598261,cg00599266,cg00608467,cg00639286,cg00649827,cg00668227,cg00671225,cg00687252,cg00704288,cg00704909,cg00713294,cg00718440,cg00734800,cg00742472,cg00748373,cg00751288,cg00759634,cg00761755,cg00777537,cg00777895,cg00786747,cg00789423,cg00790928,cg00794178,cg00814733,cg00823995,cg00829944,cg00830767,cg00843623,cg00873521,cg00893385,cg00903375,cg00906435,cg00909976,cg00916439,cg00922697,cg00922781,cg00923803,cg00935924,cg00949554,cg00960509,cg00960580,cg00987699,cg00994411,cg01025599,cg01026613,cg01035689,cg01060358,cg01083340,cg01093329,cg01117833,cg01131038,cg01135780,cg01145709,cg01149132,cg01149896,cg01153979,cg01166350,cg01179631,cg01185138,cg01202751,cg01216607,cg01239717,cg01244944,cg01249180,cg01262133,cg01297808,cg01306985,cg01310829,cg01314194,cg01320048,cg01335042,cg01338834,cg01353569,cg01358551,cg01363714,cg01365762,cg01373292,cg01373691,cg01393327,cg01405143,cg01458686,cg01460557,cg01462829,cg01467266,cg01482912,cg01487433,cg01488674,cg01519164,cg01524091,cg01527159,cg01531665,cg01546046,cg01554453,cg01566127,cg01582807,cg01588546,cg01613965,cg01638175,cg01645753,cg01663225,cg01719123,cg01726103,cg01755728,cg01759562,cg01768179,cg01773951,cg01777630,cg01779076,cg01789478,cg01796104,cg01807919,cg01814186,cg01816191,cg01819787,cg01823956,cg01861096,cg01906015,cg01909487,cg01923740,cg01932076,cg01936090,cg01939479,cg01939664,cg01945391,cg01959412,cg01999086,cg02002494,cg02015876,cg02047359,cg02048674,cg02051077,cg02053340,cg02056921,cg02096656,cg02121330,cg02151625,cg02157667,cg02172824,cg02181963,cg02199589,cg02201215,cg02239805,cg02243437,cg02248325,cg02257675,cg02261604,cg02268424,cg02269221,cg02269272,cg02271227,cg02283485,cg02291403,cg02297747,cg02308112,cg02323694,cg02327123,cg02334926,cg02337499,cg02339297,cg02350644,cg02374837,cg02385840,cg02386183,cg02396143,cg02399652,cg02405530,cg02426912,cg02429398,cg02445447,cg02446681,cg02453779,cg02473395,cg02484047,cg02493614,cg02510736,cg02521102,cg02537106,cg02542103,cg02558424,cg02569759,cg02578312,cg02590295,cg02596190,cg02602480,cg02620228,cg02621020,cg02631680,cg02632809,cg02642298,cg02646394,cg02646665,cg02661258,cg02661426,cg02668708,cg02671671,cg02683363,cg02697074,cg02707669,cg02709717,cg02716799,cg02717570,cg02723904,cg02727104,cg02736602,cg02763798,cg02773019,cg02788401,cg02792602,cg02836487,cg02859866,cg02862354,cg02863073,cg02870950,cg02878439,cg02896705,cg02898122,cg02916409,cg02925229,cg02929209,cg02936451,cg02938524,cg02964396,cg02976543,cg02994645,cg02996314,cg03004280,cg03015433,cg03031933,cg03041860,cg03044510,cg03052431,cg03053597,cg03061024,cg03067068,cg03069383,cg03108496,cg03118206,cg03121168,cg03128332,cg03144560,cg03174294,cg03175653,cg03183872,cg03184439,cg03186339,cg03214080,cg03220945,cg03222971,cg03230579,cg03239591,cg03259243,cg03262242,cg03276167,cg03301282,cg03309721,cg03322872,cg03325014,cg03330867,cg03352657,cg03353863,cg03373091,cg03383661,cg03394401,cg03415695,cg03420286,cg03426840,cg03433712,cg03462171,cg03468541,cg03489495,cg03508908,cg03533382,cg03542721,cg03575764,cg03576787,cg03591798,cg03592197,cg03598754,cg03599547,cg03609269,cg03612039,cg03614734,cg03623155,cg03628186,cg03634887,cg03637815,cg03646922,cg03648679,cg03650154,cg03668558,cg03674076,cg03689054,cg03696599,cg03700121,cg03705947,cg03720887,cg03729853,cg03746482,cg03747177,cg03750606,cg03761477,cg03765692,cg03771185,cg03809994,cg03820205,cg03820828,cg03829216,cg03858673,cg03891268,cg03891330,cg03919779,cg03921416,cg03940157,cg03967192,cg03968699,cg03973167,cg03982544,cg03983647,cg04004632,cg04004830,cg04015759,cg04020984,cg04027074,cg04033706,cg04047221,cg04053862,cg04061197,cg04063589,cg04071446,cg04072768,cg04100724,cg04104609,cg04111177,cg04121495,cg04125208,cg04128307,cg04131734,cg04132452,cg04188862,cg04202802,cg04215179,cg04232674,cg04237075,cg04240267,cg04260924,cg04265407,cg04266779,cg04266864,cg04285493,cg04298626,cg04311227,cg04314525,cg04317977,cg04324758,cg04328477,cg04333213,cg04337412,cg04344565,cg04358923,cg04364540,cg04366385,cg04373587,cg04386144,cg04413644,cg04421424,cg04426007,cg04428535,cg04431387,cg04434568,cg04437590,cg04454285,cg04470905,cg04484579,cg04498032,cg04515913,cg04531254,cg04534813,cg04539241,cg04547205,cg04559178,cg04565464,cg04568613,cg04584833,cg04617570,cg04627240,cg04652621,cg04656042,cg04657325,cg04665204,cg04677326,cg04686114,cg04691540,cg04721302,cg04731120,cg04736562,cg04738309,cg04750593,cg04759767,cg04764907,cg04780909,cg04791747,cg04803843,cg04810377,cg04825775,cg04856096,cg04869206,cg04876451,cg04886703,cg04900785,cg04913443,cg04914305,cg04920270,cg04925824,cg04930469,cg04939294,cg04947578,cg04948627,cg04959815,cg04971418,cg05000748,cg05001908,cg05002041,cg05006231,cg05011232,cg05020775,cg05020822,cg05024413,cg05040544,cg05041145,cg05095774,cg05100916,cg05122605,cg05128992,cg05135213,cg05157171,cg05171367,cg05231098,cg05241025,cg05257479,cg05270119,cg05281338,cg05315865,cg05336115,cg05349062,cg05350358,cg05360402,cg05422897,cg05449217,cg05461259,cg05468351,cg05479582,cg05484920,cg05494465,cg05534678,cg05577902,cg05592035,cg05592363,cg05616754,cg05621343,cg05622441,cg05637536,cg05637795,cg05640069,cg05663122,cg05669285,cg05699123,cg05702448,cg05704155,cg05712403,cg05727959,cg05733026,cg05736236,cg05752819,cg05756109,cg05782078,cg05783854,cg05786840,cg05787931,cg05796321,cg05808815,cg05849857,cg05861071,cg05874478,cg05878337,cg05900347,cg05913197,cg05920090,cg05923184,cg05924191,cg05930162,cg05931265,cg05931684,cg05940231,cg05952120,cg05954989,cg05959525,cg05990650,cg06006623,cg06007320,cg06025835,cg06045225,cg06056004,cg06058923,cg06073094,cg06074314,cg06110578,cg06112779,cg06137672,cg06138195,cg06138422,cg06157335,cg06169648,cg06200777,cg06220161,cg06226283,cg06310844,cg06380355,cg06385874,cg06391107,cg06419771,cg06421526,cg06427502,cg06438404,cg06443863,cg06456512,cg06468476,cg06476093,cg06496078,cg06496222,cg06500355,cg06524479,cg06534285,cg06542686,cg06542865,cg06550102,cg06577251,cg06585708,cg06598631,cg06604058,cg06621373,cg06626599,cg06631310,cg06634950,cg06636685,cg06639788,cg06652315,cg06652850,cg06665941,cg06679003,cg06686029,cg06690633,cg06700871,cg06703332,cg06710900,cg06717492,cg06723301,cg06728098,cg06728674,cg06731730,cg06732976,cg06736685,cg06745235,cg06745957,cg06748231,cg06753227,cg06766659,cg06777853,cg06790019,cg06793581,cg06794263,cg06796825,cg06800444,cg06807989,cg06815976,cg06826278,cg06836181,cg06848185,cg06852575,cg06858186,cg06866657,cg06896619,cg06901526,cg06911519,cg06919790,cg06927324,cg06928838,cg06957130,cg06966660,cg06973234,cg06979550,cg06983551,cg07000551,cg07010359,cg07021777,cg07023327,cg07051329,cg07061579,cg07087156,cg07089783,cg07093111,cg07094915,cg07101354,cg07113322,cg07122172,cg07135797,cg07146119,cg07156929,cg07160044,cg07181902,cg07197864,cg07213548,cg07220085,cg07226679,cg07255356,cg07266126,cg07269724,cg07277818,cg07306881,cg07318453,cg07324633,cg07333905,cg07344583,cg07352798,cg07354253,cg07355551,cg07370646,cg07375367,cg07387199,cg07399355,cg07417284,cg07423602,cg07436753,cg07439409,cg07458698,cg07458712,cg07461160,cg07466433,cg07472772,cg07483523,cg07489134,cg07513383,cg07519721,cg07519873,cg07520141,cg07535605,cg07538946,cg07558287,cg07562458,cg07562483,cg07570055,cg07571970,cg07580707,cg07589166,cg07598522,cg07630649,cg07645461,cg07697662,cg07702548,cg07742134,cg07753245,cg07817097,cg07818830,cg07865517,cg07882184,cg07882382,cg07913310,cg07923305,cg07923459,cg07926482,cg07927839,cg07940793,cg07956936,cg07958926,cg07963361,cg07967679,cg07972541,cg07982935,cg08005943,cg08009993,cg08039701,cg08097417,cg08125682,cg08158076,cg08158524,cg08169394,cg08185661,cg08192350,cg08209163,cg08272731,cg08274589,cg08324115,cg08326301,cg08334153,cg08336300,cg08348387,cg08354699,cg08370718,cg08387285,cg08390021,cg08399230,cg08411512,cg08427928,cg08440521,cg08444731,cg08464824,cg08472559,cg08492707,cg08510077,cg08555460,cg08555653,cg08577341,cg08577517,cg08577743,cg08599294,cg08610201,cg08612601,cg08649216,cg08653403,cg08659621,cg08667777,cg08701515,cg08755283,cg08763126,cg08763433,cg08817168,cg08857201,cg08866402,cg08872741,cg08876479,cg08876591,cg08882650,cg08883955	E051	2.98e-15
3.513	1.41e-08	E028 Breast variant Human Mammary Epithelial Cells	Breast	H3K4me3	E028-H3K4me3.broadPeak.gz	cg00021237,cg00024722,cg00026230,cg00026974,cg00040423,cg00077299,cg00097536,cg00102920,cg00123055,cg00167275,cg00226754,cg00231920,cg00252696,cg00260647,cg00271154,cg00280548,cg00280814,cg00292435,cg00306421,cg00319567,cg00355633,cg00389341,cg00393376,cg00399650,cg00402069,cg00419759,cg00422995,cg00437985,cg00441754,cg00455883,cg00459447,cg00476986,cg00498603,cg00502932,cg00503302,cg00514514,cg00529946,cg00538370,cg00544734,cg00547077,cg00572487,cg00574907,cg00598261,cg00608467,cg00629514,cg00639286,cg00649827,cg00668227,cg00671225,cg00687252,cg00704288,cg00704909,cg00713294,cg00718440,cg00734800,cg00742472,cg00748373,cg00751288,cg00759634,cg00761755,cg00777537,cg00777895,cg00789423,cg00790928,cg00794178,cg00814733,cg00823995,cg00829944,cg00830767,cg00843623,cg00873521,cg00893385,cg00903375,cg00906435,cg00909976,cg00916439,cg00922697,cg00922781,cg00923803,cg00935924,cg00949554,cg00960509,cg00960580,cg00987699,cg00994411,cg01025599,cg01026613,cg01035689,cg01060358,cg01093329,cg01117833,cg01135780,cg01140149,cg01145709,cg01149132,cg01149896,cg01153979,cg01158415,cg01179631,cg01185138,cg01202751,cg01216607,cg01239717,cg01244944,cg01249180,cg01306985,cg01310829,cg01314194,cg01320048,cg01335042,cg01338834,cg01353569,cg01356981,cg01358551,cg01363714,cg01365762,cg01373292,cg01373691,cg01393327,cg01405143,cg01458686,cg01460557,cg01462829,cg01482912,cg01487433,cg01488674,cg01519164,cg01524091,cg01527159,cg01531665,cg01546046,cg01554453,cg01582807,cg01588546,cg01613965,cg01638175,cg01645753,cg01663225,cg01719123,cg01726103,cg01755728,cg01759562,cg01768179,cg01773951,cg01777630,cg01779076,cg01796104,cg01807919,cg01814186,cg01819787,cg01823956,cg01861096,cg01906015,cg01909487,cg01923740,cg01936090,cg01939479,cg01939664,cg01945391,cg01959412,cg01999086,cg02002494,cg02015876,cg02047359,cg02048674,cg02051077,cg02051553,cg02053340,cg02056921,cg02096656,cg02121330,cg02136723,cg02151625,cg02157667,cg02172824,cg02181963,cg02187712,cg02199589,cg02201215,cg02239805,cg02243437,cg02248325,cg02257675,cg02261604,cg02268424,cg02269221,cg02269272,cg02269636,cg02283485,cg02308112,cg02323694,cg02337499,cg02339297,cg02374837,cg02386183,cg02396143,cg02399652,cg02405530,cg02426912,cg02429398,cg02445447,cg02446681,cg02453779,cg02473395,cg02484047,cg02493614,cg02510736,cg02521102,cg02537106,cg02542103,cg02558424,cg02569759,cg02578312,cg02590295,cg02596190,cg02602480,cg02619495,cg02620228,cg02621020,cg02631680,cg02639619,cg02642298,cg02646394,cg02661258,cg02661426,cg02668708,cg02671671,cg02683363,cg02697074,cg02707669,cg02709717,cg02716799,cg02717570,cg02723904,cg02727104,cg02736602,cg02763798,cg02768390,cg02773019,cg02788401,cg02836487,cg02859866,cg02862354,cg02870950,cg02896705,cg02898122,cg02916409,cg02925229,cg02929209,cg02936451,cg02938524,cg02976543,cg02994645,cg02996314,cg03004280,cg03015433,cg03031933,cg03041860,cg03044510,cg03053597,cg03061024,cg03067068,cg03069383,cg03108496,cg03118206,cg03121168,cg03144560,cg03160466,cg03174294,cg03183872,cg03184439,cg03186339,cg03214080,cg03220945,cg03222971,cg03230579,cg03239591,cg03259243,cg03262242,cg03276167,cg03289801,cg03301282,cg03309721,cg03330867,cg03352657,cg03373091,cg03383661,cg03394401,cg03415695,cg03420286,cg03426840,cg03433712,cg03442378,cg03462171,cg03468541,cg03489495,cg03508908,cg03533382,cg03542721,cg03575764,cg03576787,cg03591798,cg03592197,cg03599547,cg03609269,cg03614734,cg03628186,cg03634887,cg03638905,cg03646922,cg03648679,cg03650154,cg03668558,cg03674076,cg03689054,cg03700121,cg03705947,cg03720887,cg03729853,cg03746482,cg03747177,cg03750606,cg03765692,cg03771185,cg03809994,cg03820205,cg03891330,cg03919779,cg03921416,cg03940157,cg03967192,cg03968699,cg03973167,cg03982544,cg04004830,cg04015759,cg04020984,cg04027074,cg04033706,cg04053862,cg04061197,cg04071446,cg04072768,cg04100724,cg04104609,cg04111177,cg04121495,cg04125208,cg04128307,cg04131734,cg04132452,cg04173992,cg04202802,cg04215179,cg04232674,cg04237075,cg04240267,cg04260924,cg04265407,cg04266779,cg04266864,cg04285493,cg04298626,cg04311227,cg04314525,cg04317977,cg04324758,cg04328477,cg04333213,cg04337412,cg04349117,cg04358923,cg04364540,cg04366385,cg04373587,cg04413644,cg04421424,cg04426007,cg04428535,cg04431387,cg04434568,cg04437590,cg04454285,cg04470905,cg04484579,cg04498032,cg04515913,cg04531254,cg04534813,cg04539241,cg04547205,cg04559178,cg04565464,cg04568613,cg04584833,cg04585390,cg04617570,cg04627240,cg04657325,cg04677326,cg04686114,cg04691540,cg04736562,cg04738309,cg04750593,cg04759767,cg04764907,cg04780909,cg04791747,cg04794369,cg04810377,cg04825775,cg04856096,cg04869206,cg04876451,cg04900785,cg04913443,cg04914305,cg04920270,cg04925824,cg04939294,cg04947578,cg04948627,cg04971418,cg04983459,cg05001908,cg05002041,cg05011232,cg05020775,cg05020822,cg05024413,cg05040544,cg05041145,cg05095774,cg05100916,cg05122605,cg05128992,cg05135213,cg05157171,cg05171367,cg05231098,cg05241025,cg05257479,cg05270119,cg05281338,cg05315865,cg05336115,cg05349062,cg05350358,cg05360402,cg05406635,cg05422897,cg05449217,cg05461259,cg05468351,cg05479582,cg05484920,cg05494465,cg05534678,cg05592035,cg05592363,cg05616754,cg05621343,cg05622441,cg05637536,cg05637795,cg05640069,cg05663122,cg05669285,cg05699123,cg05702448,cg05704155,cg05712403,cg05727959,cg05733026,cg05736236,cg05752819,cg05756109,cg05782078,cg05783854,cg05787931,cg05796321,cg05808815,cg05849499,cg05849857,cg05861071,cg05874478,cg05878337,cg05913197,cg05915794,cg05920090,cg05923184,cg05924191,cg05930162,cg05931265,cg05931684,cg05952120,cg05954989,cg05955675,cg05959525,cg06007320,cg06045225,cg06056004,cg06073094,cg06074314,cg06082228,cg06110578,cg06137672,cg06138195,cg06138422,cg06157335,cg06169648,cg06200777,cg06220161,cg06226283,cg06310844,cg06380355,cg06385874,cg06391107,cg06419771,cg06420058,cg06427502,cg06438404,cg06443863,cg06456512,cg06468476,cg06476093,cg06496078,cg06500355,cg06524479,cg06534285,cg06542686,cg06542865,cg06550102,cg06577251,cg06585708,cg06598631,cg06604058,cg06621373,cg06626599,cg06634950,cg06636685,cg06639788,cg06652315,cg06652850,cg06654498,cg06665941,cg06679003,cg06690633,cg06700871,cg06710900,cg06717492,cg06723301,cg06728098,cg06728674,cg06731730,cg06732976,cg06736685,cg06745235,cg06745957,cg06748231,cg06753227,cg06777853,cg06789048,cg06790019,cg06793581,cg06794263,cg06796825,cg06800444,cg06807989,cg06815976,cg06836181,cg06848185,cg06852575,cg06864005,cg06866657,cg06896619,cg06901526,cg06911519,cg06919790,cg06927324,cg06928838,cg06957130,cg06973234,cg06977935,cg06979550,cg06983551,cg07000551,cg07010359,cg07021777,cg07023327,cg07051329,cg07061579,cg07087156,cg07089783,cg07093111,cg07101354,cg07113322,cg07122172,cg07135797,cg07146119,cg07156929,cg07160044,cg07181902,cg07197864,cg07220085,cg07226679,cg07255356,cg07266126,cg07269724,cg07277818,cg07306881,cg07318453,cg07324633,cg07333905,cg07344583,cg07352798,cg07354253,cg07355551,cg07370646,cg07375367,cg07387199,cg07399355,cg07417284,cg07423602,cg07436753,cg07439409,cg07458698,cg07461160,cg07466433,cg07472772,cg07483523,cg07489134,cg07513383,cg07519721,cg07519873,cg07520141,cg07535605,cg07538946,cg07562458,cg07562483,cg07571970,cg07580707,cg07589166,cg07598522,cg07630649,cg07645461,cg07697662,cg07702548,cg07742134,cg07753245,cg07785225,cg07817097,cg07818830,cg07865517,cg07882184,cg07882382,cg07913310,cg07923305,cg07923459,cg07926482,cg07927839,cg07940793,cg07956936,cg07958926,cg07963361,cg07967679,cg07972541,cg07982935,cg08005943,cg08009993,cg08023476,cg08039701,cg08097417,cg08117436,cg08125682,cg08158076,cg08158524,cg08185661,cg08209163,cg08274589,cg08326301,cg08334153,cg08336300,cg08348387,cg08354699,cg08370718,cg08387285,cg08390021,cg08399230,cg08427928,cg08440521,cg08444731,cg08464824,cg08472559,cg08492707,cg08510077,cg08532834,cg08555460,cg08577341,cg08577517,cg08577743,cg08599294,cg08610201,cg08612601,cg08649216,cg08659621,cg08667777,cg08701515,cg08755283,cg08763126,cg08763433,cg08817168,cg08857201,cg08866402,cg08872741,cg08876479,cg08876591,cg08882650,cg08883955	E028	8.04e-08
5.090	6.73e-18	E003 H1 Cells	ES Cell	H3K4me3	E003-H3K4me3.broadPeak.gz	cg00021237,cg00024722,cg00026230,cg00026974,cg00040423,cg00077299,cg00097536,cg00102920,cg00123055,cg00147578,cg00167275,cg00226754,cg00231920,cg00252696,cg00260647,cg00271154,cg00280548,cg00280814,cg00292435,cg00306421,cg00319567,cg00355633,cg00371453,cg00389341,cg00393376,cg00399650,cg00402069,cg00419759,cg00437985,cg00441754,cg00448143,cg00455883,cg00459447,cg00472801,cg00476986,cg00498603,cg00502932,cg00503302,cg00511674,cg00529946,cg00538370,cg00544734,cg00547077,cg00572487,cg00574907,cg00598261,cg00599702,cg00608467,cg00629514,cg00637687,cg00639286,cg00649827,cg00668227,cg00671225,cg00687252,cg00704288,cg00704909,cg00713294,cg00718440,cg00734800,cg00742472,cg00748373,cg00751288,cg00759634,cg00761755,cg00777537,cg00777895,cg00786747,cg00789423,cg00790928,cg00794178,cg00814733,cg00823995,cg00829944,cg00830767,cg00843623,cg00873521,cg00893385,cg00903375,cg00906435,cg00909976,cg00916439,cg00922697,cg00922781,cg00923803,cg00935924,cg00949554,cg00960509,cg00960580,cg00987699,cg00994411,cg01025599,cg01026613,cg01035689,cg01047040,cg01060358,cg01083340,cg01093329,cg01117833,cg01131038,cg01135780,cg01145709,cg01149132,cg01149896,cg01153979,cg01179631,cg01185138,cg01202751,cg01216607,cg01239717,cg01244944,cg01249180,cg01261351,cg01297808,cg01306985,cg01310829,cg01314194,cg01320048,cg01335042,cg01338834,cg01353569,cg01358551,cg01363714,cg01365762,cg01373292,cg01373691,cg01393327,cg01405143,cg01458686,cg01460557,cg01462829,cg01467266,cg01482912,cg01487433,cg01488674,cg01519164,cg01524091,cg01527159,cg01531665,cg01546046,cg01554453,cg01566127,cg01582807,cg01588546,cg01600222,cg01613965,cg01638175,cg01645753,cg01660676,cg01663225,cg01719123,cg01726103,cg01755728,cg01759562,cg01768179,cg01773951,cg01777630,cg01779076,cg01789478,cg01796104,cg01807919,cg01814186,cg01816191,cg01819787,cg01823956,cg01861096,cg01906015,cg01909487,cg01923740,cg01932076,cg01936090,cg01939479,cg01939664,cg01945391,cg01959412,cg01999086,cg02002494,cg02015876,cg02047359,cg02048674,cg02051077,cg02053340,cg02056921,cg02096656,cg02120584,cg02121330,cg02151625,cg02157667,cg02172824,cg02181963,cg02199589,cg02201215,cg02239805,cg02243437,cg02248325,cg02257675,cg02261604,cg02268424,cg02269221,cg02269272,cg02283485,cg02291403,cg02308112,cg02323694,cg02327123,cg02334926,cg02337499,cg02339297,cg02350644,cg02374837,cg02385840,cg02386183,cg02390278,cg02396143,cg02399652,cg02405530,cg02426912,cg02429398,cg02445447,cg02446681,cg02453779,cg02473395,cg02484047,cg02493614,cg02510736,cg02521102,cg02537106,cg02558424,cg02561482,cg02569759,cg02578312,cg02590295,cg02596190,cg02602480,cg02620228,cg02621020,cg02631680,cg02632809,cg02642298,cg02646394,cg02650266,cg02661258,cg02661426,cg02668708,cg02671671,cg02683363,cg02697074,cg02707669,cg02709717,cg02716799,cg02717570,cg02723904,cg02727104,cg02736602,cg02763798,cg02773019,cg02788401,cg02792602,cg02836487,cg02862354,cg02863073,cg02870950,cg02896705,cg02898122,cg02916409,cg02925229,cg02929209,cg02936451,cg02938524,cg02955287,cg02964396,cg02976543,cg02994645,cg02996314,cg03004280,cg03015433,cg03031933,cg03041860,cg03044510,cg03053597,cg03061024,cg03067068,cg03069383,cg03072621,cg03108496,cg03118206,cg03121168,cg03144560,cg03160466,cg03174294,cg03175653,cg03183872,cg03184439,cg03186339,cg03214080,cg03220945,cg03222971,cg03230579,cg03239591,cg03259243,cg03262242,cg03276167,cg03301282,cg03309721,cg03325014,cg03330867,cg03352657,cg03353863,cg03373091,cg03383661,cg03394401,cg03415695,cg03420286,cg03426840,cg03433712,cg03442378,cg03462171,cg03468541,cg03489495,cg03508908,cg03533382,cg03542721,cg03575764,cg03576787,cg03591798,cg03592197,cg03598754,cg03599547,cg03609269,cg03612039,cg03614734,cg03623155,cg03628186,cg03634887,cg03637815,cg03638905,cg03646922,cg03648679,cg03650154,cg03655371,cg03668558,cg03674076,cg03689054,cg03696599,cg03700121,cg03705947,cg03720887,cg03729853,cg03746482,cg03747177,cg03750606,cg03761477,cg03765692,cg03771185,cg03809994,cg03820205,cg03820828,cg03829216,cg03858673,cg03876032,cg03891330,cg03919779,cg03921416,cg03940157,cg03967192,cg03968699,cg03973167,cg03982544,cg03983647,cg04004632,cg04015759,cg04020984,cg04027074,cg04033706,cg04047221,cg04053862,cg04061197,cg04063589,cg04071446,cg04072768,cg04100724,cg04104609,cg04111177,cg04121495,cg04125208,cg04128307,cg04131734,cg04132452,cg04188862,cg04202802,cg04215179,cg04232674,cg04237075,cg04240267,cg04260924,cg04265407,cg04266779,cg04266864,cg04285493,cg04298626,cg04311227,cg04314525,cg04317977,cg04324758,cg04328477,cg04333213,cg04337412,cg04344565,cg04351185,cg04358923,cg04364540,cg04366385,cg04373587,cg04386144,cg04413644,cg04421424,cg04426007,cg04428535,cg04431387,cg04434568,cg04437590,cg04470905,cg04484579,cg04498032,cg04515913,cg04531254,cg04534813,cg04539241,cg04547205,cg04559178,cg04565464,cg04568613,cg04584833,cg04617570,cg04627240,cg04652621,cg04656042,cg04677326,cg04686114,cg04691540,cg04721302,cg04738309,cg04750593,cg04759767,cg04764907,cg04780909,cg04791747,cg04803843,cg04810377,cg04825775,cg04856096,cg04869206,cg04876451,cg04886703,cg04900785,cg04913443,cg04914305,cg04920270,cg04925824,cg04930469,cg04939294,cg04947578,cg04948627,cg04959815,cg04971418,cg05000748,cg05001908,cg05002041,cg05006231,cg05011232,cg05020775,cg05020822,cg05024413,cg05040544,cg05041145,cg05095774,cg05100916,cg05122605,cg05128992,cg05135213,cg05157171,cg05171367,cg05214685,cg05231098,cg05241025,cg05257479,cg05262436,cg05270119,cg05281338,cg05315865,cg05336115,cg05349062,cg05350358,cg05360402,cg05406635,cg05414442,cg05422897,cg05449217,cg05461259,cg05468351,cg05479582,cg05484920,cg05494465,cg05534678,cg05577902,cg05592035,cg05592363,cg05609414,cg05616754,cg05621343,cg05622441,cg05637536,cg05637795,cg05640069,cg05663122,cg05669285,cg05702448,cg05704155,cg05712403,cg05727959,cg05733026,cg05736236,cg05752819,cg05756109,cg05782078,cg05783854,cg05786840,cg05787931,cg05796321,cg05808815,cg05849857,cg05861071,cg05874478,cg05878337,cg05900347,cg05913197,cg05920090,cg05923184,cg05924191,cg05930162,cg05931265,cg05931684,cg05940231,cg05952120,cg05954989,cg05955675,cg05959525,cg06007320,cg06025835,cg06045225,cg06056004,cg06058923,cg06059332,cg06073094,cg06074314,cg06110578,cg06112779,cg06137672,cg06138195,cg06138422,cg06157335,cg06160841,cg06169648,cg06200777,cg06220161,cg06226283,cg06310844,cg06380355,cg06391107,cg06419771,cg06427502,cg06438404,cg06443863,cg06456512,cg06468476,cg06473181,cg06476093,cg06496078,cg06500355,cg06524479,cg06534285,cg06542686,cg06542865,cg06550102,cg06577251,cg06585708,cg06598631,cg06604058,cg06621373,cg06626599,cg06631310,cg06634950,cg06636685,cg06639788,cg06652315,cg06652850,cg06665941,cg06677120,cg06678902,cg06679003,cg06686029,cg06690633,cg06700871,cg06703332,cg06710900,cg06717492,cg06723301,cg06728098,cg06728674,cg06731730,cg06736685,cg06745235,cg06745957,cg06748231,cg06753227,cg06777853,cg06790019,cg06793581,cg06794263,cg06796825,cg06800444,cg06807989,cg06815976,cg06826278,cg06836181,cg06848185,cg06858186,cg06864005,cg06866657,cg06896619,cg06901526,cg06911519,cg06919790,cg06927324,cg06928838,cg06957130,cg06966660,cg06973234,cg06979550,cg06983551,cg07000551,cg07010359,cg07021777,cg07023327,cg07051329,cg07061579,cg07087156,cg07089783,cg07093111,cg07094915,cg07101354,cg07104116,cg07113322,cg07122172,cg07135797,cg07146119,cg07156929,cg07160044,cg07167946,cg07181902,cg07197864,cg07220085,cg07226679,cg07255356,cg07266126,cg07269724,cg07277818,cg07306881,cg07318453,cg07333905,cg07339229,cg07344583,cg07352798,cg07354253,cg07355551,cg07355693,cg07370646,cg07375367,cg07387199,cg07399355,cg07417284,cg07423602,cg07436753,cg07439409,cg07458698,cg07458712,cg07461160,cg07466433,cg07472772,cg07483523,cg07489134,cg07513383,cg07519721,cg07519873,cg07520141,cg07535605,cg07536847,cg07538946,cg07558287,cg07562458,cg07570055,cg07571970,cg07580707,cg07589166,cg07598522,cg07630649,cg07645461,cg07697662,cg07702548,cg07742134,cg07753245,cg07793537,cg07817097,cg07818830,cg07865517,cg07882184,cg07882382,cg07913310,cg07923305,cg07923459,cg07926482,cg07927839,cg07940793,cg07956936,cg07958926,cg07963361,cg07967679,cg07972541,cg07982935,cg08005943,cg08009993,cg08012278,cg08039701,cg08073527,cg08081845,cg08097417,cg08125682,cg08158076,cg08158524,cg08169394,cg08185661,cg08192350,cg08209163,cg08272731,cg08274589,cg08285429,cg08324115,cg08326301,cg08334153,cg08336300,cg08348387,cg08354699,cg08370718,cg08387285,cg08390021,cg08399230,cg08411512,cg08427928,cg08440521,cg08444731,cg08450752,cg08464824,cg08472559,cg08492707,cg08510077,cg08532834,cg08555460,cg08555653,cg08577341,cg08577517,cg08577743,cg08599294,cg08610201,cg08612601,cg08659621,cg08667777,cg08701515,cg08751265,cg08755283,cg08763126,cg08763433,cg08787268,cg08817168,cg08857201,cg08866402,cg08876479,cg08876591,cg08882650,cg08883955	E003	3.72e-16
6.043	2.30e-18	E004 H1 BMP4 Derived Mesendoderm Cultured Cells	ES Cell	H3K4me3	E004-H3K4me3.broadPeak.gz	cg00021237,cg00024722,cg00026230,cg00026974,cg00040423,cg00077299,cg00097536,cg00102920,cg00123055,cg00147578,cg00167275,cg00226754,cg00231920,cg00252696,cg00260647,cg00271154,cg00280548,cg00292435,cg00306421,cg00319567,cg00333870,cg00355633,cg00371453,cg00389341,cg00393376,cg00399650,cg00402069,cg00419759,cg00437985,cg00441754,cg00448143,cg00455883,cg00459447,cg00472801,cg00476986,cg00498603,cg00502932,cg00514514,cg00529946,cg00538370,cg00544734,cg00547077,cg00572487,cg00574907,cg00598261,cg00608467,cg00629514,cg00637687,cg00639286,cg00649827,cg00668227,cg00671225,cg00687252,cg00704288,cg00704909,cg00713294,cg00718440,cg00734800,cg00742472,cg00748373,cg00751288,cg00761755,cg00777537,cg00777895,cg00789423,cg00790928,cg00794178,cg00814733,cg00823995,cg00829944,cg00830767,cg00843623,cg00873521,cg00893385,cg00903375,cg00906435,cg00909976,cg00916439,cg00922697,cg00922781,cg00923803,cg00935924,cg00949554,cg00960509,cg00960580,cg00987699,cg00994411,cg01025599,cg01026613,cg01035689,cg01060358,cg01083340,cg01093329,cg01117833,cg01131038,cg01135780,cg01145709,cg01149132,cg01149896,cg01153979,cg01179631,cg01185138,cg01202751,cg01216607,cg01239717,cg01244944,cg01249180,cg01261351,cg01306985,cg01310829,cg01314194,cg01320048,cg01338834,cg01353569,cg01358551,cg01363714,cg01365762,cg01373292,cg01373691,cg01405143,cg01458686,cg01460557,cg01462829,cg01482912,cg01488674,cg01519164,cg01524091,cg01531665,cg01546046,cg01554453,cg01566127,cg01582807,cg01588546,cg01600222,cg01613965,cg01638175,cg01645753,cg01663225,cg01719123,cg01726103,cg01755728,cg01759562,cg01768179,cg01773951,cg01777630,cg01796104,cg01814186,cg01819787,cg01823956,cg01861096,cg01906015,cg01909487,cg01923740,cg01932076,cg01936090,cg01939479,cg01939664,cg01945391,cg01959412,cg02002494,cg02015876,cg02047359,cg02048674,cg02051077,cg02053340,cg02056921,cg02065970,cg02096656,cg02120584,cg02121330,cg02151625,cg02157667,cg02172824,cg02181963,cg02199589,cg02201215,cg02239805,cg02243437,cg02248325,cg02257675,cg02261604,cg02268424,cg02269221,cg02269272,cg02283485,cg02291403,cg02308112,cg02323694,cg02327123,cg02334926,cg02337499,cg02339297,cg02374837,cg02385840,cg02386183,cg02396143,cg02399652,cg02405530,cg02426912,cg02429398,cg02445447,cg02446681,cg02453779,cg02473395,cg02484047,cg02493614,cg02510736,cg02521102,cg02537106,cg02561482,cg02569759,cg02578312,cg02590295,cg02596190,cg02602480,cg02620228,cg02621020,cg02631680,cg02642298,cg02646394,cg02661258,cg02661426,cg02668708,cg02671671,cg02683363,cg02697074,cg02707669,cg02709717,cg02716799,cg02717570,cg02723904,cg02727104,cg02736602,cg02763798,cg02773019,cg02788401,cg02836487,cg02862354,cg02863073,cg02870950,cg02896705,cg02898122,cg02916409,cg02925229,cg02929209,cg02936451,cg02938524,cg02976543,cg02994645,cg02996314,cg03004280,cg03031933,cg03041860,cg03044510,cg03053597,cg03061024,cg03067068,cg03069383,cg03072621,cg03108496,cg03118206,cg03121168,cg03144560,cg03174294,cg03175653,cg03183872,cg03184439,cg03214080,cg03222971,cg03239591,cg03262242,cg03276167,cg03301282,cg03309721,cg03330867,cg03352657,cg03373091,cg03383661,cg03394401,cg03415695,cg03420286,cg03426840,cg03433712,cg03442378,cg03462171,cg03468541,cg03489495,cg03508908,cg03533382,cg03542721,cg03575764,cg03576787,cg03591798,cg03592197,cg03598754,cg03599547,cg03609269,cg03614734,cg03623155,cg03628186,cg03634887,cg03637815,cg03638905,cg03646922,cg03648679,cg03650154,cg03668558,cg03674076,cg03689054,cg03696599,cg03700121,cg03705947,cg03720887,cg03729853,cg03747177,cg03750606,cg03761477,cg03765692,cg03771185,cg03809994,cg03820205,cg03829216,cg03858673,cg03891330,cg03921416,cg03968699,cg03973167,cg03982544,cg03983647,cg04015759,cg04020984,cg04027074,cg04033706,cg04047221,cg04053862,cg04061197,cg04071446,cg04072768,cg04100724,cg04104609,cg04111177,cg04121495,cg04125208,cg04128307,cg04131734,cg04132452,cg04188862,cg04202802,cg04232674,cg04237075,cg04240267,cg04260924,cg04265407,cg04266779,cg04266864,cg04285493,cg04298626,cg04311227,cg04314525,cg04317977,cg04324758,cg04328477,cg04333213,cg04337412,cg04358923,cg04364540,cg04366385,cg04373587,cg04386144,cg04413644,cg04421424,cg04426007,cg04428535,cg04431387,cg04434568,cg04437590,cg04470905,cg04484579,cg04498032,cg04531254,cg04534813,cg04539241,cg04547205,cg04559178,cg04565464,cg04568613,cg04584833,cg04617570,cg04627240,cg04652621,cg04657325,cg04677326,cg04686114,cg04691540,cg04721302,cg04738309,cg04750593,cg04759767,cg04780909,cg04791747,cg04803843,cg04810377,cg04825775,cg04856096,cg04869206,cg04876451,cg04886703,cg04900785,cg04913443,cg04920270,cg04925824,cg04930469,cg04939294,cg04947578,cg04948627,cg04959815,cg04971418,cg05001908,cg05002041,cg05011232,cg05020775,cg05020822,cg05024413,cg05036183,cg05040544,cg05095774,cg05100916,cg05122605,cg05128992,cg05135213,cg05157171,cg05171367,cg05214685,cg05231098,cg05241025,cg05257479,cg05270119,cg05281338,cg05315865,cg05336115,cg05349062,cg05350358,cg05360402,cg05406635,cg05422897,cg05449217,cg05461259,cg05484920,cg05494465,cg05534678,cg05577902,cg05592035,cg05592363,cg05609414,cg05616754,cg05621343,cg05622441,cg05637795,cg05640069,cg05663122,cg05669285,cg05702448,cg05704155,cg05712403,cg05727959,cg05733026,cg05736236,cg05740793,cg05752819,cg05756109,cg05782078,cg05783854,cg05786840,cg05787931,cg05796321,cg05808815,cg05849857,cg05861071,cg05874478,cg05878337,cg05900347,cg05913197,cg05920090,cg05923184,cg05924191,cg05930162,cg05931265,cg05931684,cg05940231,cg05952120,cg05954989,cg05955675,cg05959525,cg06006623,cg06007320,cg06025835,cg06045225,cg06056004,cg06058923,cg06059332,cg06073094,cg06074314,cg06110578,cg06112779,cg06137672,cg06138195,cg06138422,cg06157335,cg06169648,cg06200777,cg06220161,cg06226283,cg06310844,cg06380355,cg06391107,cg06419771,cg06427502,cg06438404,cg06443863,cg06456512,cg06468476,cg06473181,cg06476093,cg06496078,cg06500355,cg06524479,cg06534285,cg06542686,cg06542865,cg06550102,cg06577251,cg06585708,cg06598631,cg06604058,cg06621373,cg06626599,cg06631310,cg06634950,cg06636685,cg06639788,cg06652315,cg06652850,cg06665941,cg06677120,cg06679003,cg06686029,cg06690633,cg06700871,cg06703332,cg06710900,cg06717492,cg06723301,cg06728098,cg06728674,cg06736685,cg06745235,cg06745957,cg06748231,cg06753227,cg06777853,cg06793581,cg06794263,cg06796825,cg06800444,cg06807989,cg06815976,cg06826278,cg06836181,cg06848185,cg06858186,cg06866657,cg06896619,cg06901526,cg06911519,cg06919790,cg06927324,cg06928838,cg06957130,cg06966660,cg06973234,cg06979550,cg06983551,cg07000551,cg07010359,cg07021777,cg07023327,cg07051329,cg07061579,cg07087156,cg07089783,cg07093111,cg07094915,cg07113322,cg07122172,cg07135797,cg07146119,cg07156929,cg07160044,cg07181902,cg07197864,cg07220085,cg07226679,cg07255356,cg07266126,cg07269724,cg07277818,cg07306881,cg07318453,cg07333905,cg07344583,cg07352798,cg07354253,cg07355551,cg07370646,cg07375367,cg07387199,cg07399355,cg07423602,cg07436753,cg07439409,cg07458698,cg07461160,cg07466433,cg07472772,cg07483523,cg07489134,cg07513383,cg07519721,cg07519873,cg07520141,cg07536847,cg07538946,cg07558287,cg07562458,cg07571970,cg07580707,cg07589166,cg07598522,cg07630649,cg07645461,cg07697662,cg07702548,cg07742134,cg07753245,cg07817097,cg07818830,cg07865517,cg07882184,cg07882382,cg07913310,cg07923305,cg07923459,cg07926482,cg07927839,cg07940793,cg07956936,cg07958926,cg07963361,cg07972541,cg07982935,cg08005943,cg08009993,cg08035872,cg08039701,cg08097417,cg08125682,cg08158076,cg08158524,cg08169394,cg08185661,cg08192350,cg08209163,cg08272731,cg08274589,cg08326301,cg08334153,cg08348387,cg08354699,cg08370718,cg08387285,cg08390021,cg08399230,cg08411512,cg08427928,cg08440521,cg08444731,cg08464824,cg08472559,cg08492707,cg08510077,cg08532834,cg08555460,cg08577341,cg08577517,cg08577743,cg08599294,cg08612601,cg08649216,cg08667777,cg08701515,cg08755283,cg08763126,cg08763433,cg08787268,cg08817168,cg08857201,cg08866402,cg08876479,cg08876591,cg08882650,cg08883955	E004	1.91e-16
2.636	3.18e-08	E005 H1 BMP4 Derived Trophoblast Cultured Cells	ES Cell	H3K4me3	E005-H3K4me3.broadPeak.gz	cg00021237,cg00024722,cg00026230,cg00026974,cg00040423,cg00077299,cg00097536,cg00102920,cg00123055,cg00167275,cg00226754,cg00231920,cg00252696,cg00260647,cg00271154,cg00280548,cg00280814,cg00292435,cg00306421,cg00319567,cg00350607,cg00355633,cg00371453,cg00389341,cg00393376,cg00399650,cg00402069,cg00419759,cg00437985,cg00441754,cg00448143,cg00455883,cg00459447,cg00472801,cg00476986,cg00498603,cg00502932,cg00503302,cg00511674,cg00514514,cg00529946,cg00538370,cg00539325,cg00544734,cg00547077,cg00572487,cg00574907,cg00598261,cg00608467,cg00629514,cg00637687,cg00639286,cg00649827,cg00668227,cg00687252,cg00704288,cg00704909,cg00718440,cg00734800,cg00737992,cg00742472,cg00748373,cg00751288,cg00761755,cg00777537,cg00777895,cg00786747,cg00789423,cg00790928,cg00794178,cg00814733,cg00823995,cg00829944,cg00830767,cg00843623,cg00873521,cg00889778,cg00893385,cg00903375,cg00906435,cg00909976,cg00916439,cg00922697,cg00922781,cg00923803,cg00935924,cg00949554,cg00960509,cg00960580,cg00987699,cg00994389,cg00994411,cg01025599,cg01026613,cg01035689,cg01060358,cg01083340,cg01093329,cg01117833,cg01131038,cg01135780,cg01140149,cg01145709,cg01149132,cg01149896,cg01153979,cg01165560,cg01166350,cg01179631,cg01185138,cg01202751,cg01216607,cg01239717,cg01244944,cg01249180,cg01261351,cg01306985,cg01310829,cg01314194,cg01320048,cg01335042,cg01338834,cg01353569,cg01358551,cg01363714,cg01365762,cg01373292,cg01373691,cg01405143,cg01458686,cg01460557,cg01462829,cg01467266,cg01482912,cg01487433,cg01488674,cg01519164,cg01524091,cg01527159,cg01531665,cg01542423,cg01546046,cg01554453,cg01566127,cg01582807,cg01588546,cg01613965,cg01638175,cg01638235,cg01645753,cg01660676,cg01663225,cg01719123,cg01726103,cg01755728,cg01759562,cg01768179,cg01773951,cg01777630,cg01779076,cg01789478,cg01796104,cg01807919,cg01814186,cg01819787,cg01823956,cg01861096,cg01906015,cg01909487,cg01923740,cg01932076,cg01936090,cg01939479,cg01939664,cg01945391,cg01959412,cg01999086,cg02002494,cg02015876,cg02047359,cg02048674,cg02051077,cg02053340,cg02056921,cg02065970,cg02096656,cg02120584,cg02121330,cg02137583,cg02151625,cg02157667,cg02172824,cg02181963,cg02199589,cg02201215,cg02239805,cg02243437,cg02248325,cg02257675,cg02261604,cg02268424,cg02269221,cg02269272,cg02271227,cg02283485,cg02291403,cg02297747,cg02308112,cg02323694,cg02327123,cg02334926,cg02337499,cg02339297,cg02374837,cg02385840,cg02386183,cg02390278,cg02396143,cg02399652,cg02405530,cg02426912,cg02429398,cg02445447,cg02446681,cg02453779,cg02473395,cg02484047,cg02493614,cg02507657,cg02510736,cg02521102,cg02537106,cg02542103,cg02561482,cg02569759,cg02578312,cg02590295,cg02596190,cg02602480,cg02619495,cg02620228,cg02621020,cg02631680,cg02632809,cg02642298,cg02646394,cg02650266,cg02661258,cg02661426,cg02668708,cg02671671,cg02683363,cg02697074,cg02707669,cg02709717,cg02716799,cg02717570,cg02723904,cg02736602,cg02763798,cg02768390,cg02773019,cg02778551,cg02788401,cg02836487,cg02846228,cg02862354,cg02863073,cg02870950,cg02896705,cg02898122,cg02916409,cg02925229,cg02929209,cg02936451,cg02938524,cg02955287,cg02964396,cg02976543,cg02994645,cg02996314,cg03004280,cg03015433,cg03031933,cg03041860,cg03044510,cg03052431,cg03053597,cg03061024,cg03067068,cg03069383,cg03071924,cg03108496,cg03118206,cg03121168,cg03128332,cg03144560,cg03174294,cg03175653,cg03181118,cg03183872,cg03184439,cg03186339,cg03214080,cg03222971,cg03230579,cg03239591,cg03259243,cg03262242,cg03276167,cg03301282,cg03309721,cg03325014,cg03330867,cg03352657,cg03373091,cg03383661,cg03394401,cg03410772,cg03415695,cg03420286,cg03426840,cg03433712,cg03462171,cg03468541,cg03489495,cg03508908,cg03533382,cg03542721,cg03575764,cg03576787,cg03591798,cg03592197,cg03598754,cg03599547,cg03609269,cg03612039,cg03614734,cg03623155,cg03628186,cg03634887,cg03638905,cg03646922,cg03648679,cg03650154,cg03655371,cg03668558,cg03674076,cg03689054,cg03696599,cg03700121,cg03705947,cg03716738,cg03720887,cg03729853,cg03730280,cg03746482,cg03747177,cg03750606,cg03761477,cg03765692,cg03771185,cg03808043,cg03809994,cg03820205,cg03837726,cg03858673,cg03891268,cg03891330,cg03919779,cg03921416,cg03940157,cg03967192,cg03968699,cg03973167,cg03982544,cg03983647,cg04013089,cg04015759,cg04020984,cg04027074,cg04033706,cg04053862,cg04061197,cg04071446,cg04072768,cg04100724,cg04104609,cg04111177,cg04121495,cg04125208,cg04128307,cg04131734,cg04132452,cg04202802,cg04215179,cg04232674,cg04237075,cg04240267,cg04260924,cg04265407,cg04266779,cg04266864,cg04278444,cg04285493,cg04298626,cg04311227,cg04314525,cg04317977,cg04324758,cg04328477,cg04331511,cg04333213,cg04337412,cg04344565,cg04349117,cg04351185,cg04358923,cg04364540,cg04366385,cg04373587,cg04386144,cg04413644,cg04421424,cg04426007,cg04428535,cg04431387,cg04434568,cg04437590,cg04454285,cg04463911,cg04470905,cg04484579,cg04498032,cg04515913,cg04531254,cg04534813,cg04539241,cg04547205,cg04559178,cg04565464,cg04568613,cg04584833,cg04585390,cg04617570,cg04627240,cg04652621,cg04656042,cg04665204,cg04677326,cg04686114,cg04691540,cg04714638,cg04721302,cg04731120,cg04738309,cg04750593,cg04759767,cg04764907,cg04780909,cg04781587,cg04791747,cg04803843,cg04810377,cg04825775,cg04856096,cg04869206,cg04876451,cg04886703,cg04900785,cg04902542,cg04913443,cg04914305,cg04920270,cg04925824,cg04930469,cg04939294,cg04947578,cg04948627,cg04959815,cg04971418,cg05000748,cg05001908,cg05002041,cg05006231,cg05011232,cg05020775,cg05020822,cg05024413,cg05036183,cg05040544,cg05041145,cg05095774,cg05100916,cg05122605,cg05128992,cg05135213,cg05157171,cg05171367,cg05214685,cg05231098,cg05241025,cg05257479,cg05260236,cg05262436,cg05270119,cg05281338,cg05315865,cg05336115,cg05349062,cg05350358,cg05360402,cg05377998,cg05406635,cg05422897,cg05449217,cg05461259,cg05468351,cg05479582,cg05484920,cg05494465,cg05534678,cg05564608,cg05577902,cg05592035,cg05592363,cg05595753,cg05609414,cg05616754,cg05621343,cg05622441,cg05637536,cg05637795,cg05640069,cg05663122,cg05669285,cg05702448,cg05704155,cg05712403,cg05727959,cg05733026,cg05736236,cg05740793,cg05752819,cg05756109,cg05782078,cg05783854,cg05786840,cg05787931,cg05796321,cg05808815,cg05849499,cg05849857,cg05861071,cg05874478,cg05878337,cg05900347,cg05913197,cg05915794,cg05920090,cg05923184,cg05924191,cg05930162,cg05931265,cg05931684,cg05940231,cg05952120,cg05954989,cg05955675,cg05959525,cg05990650,cg05992412,cg06007320,cg06025835,cg06045225,cg06056004,cg06058923,cg06059332,cg06073094,cg06074314,cg06110578,cg06112779,cg06128043,cg06137672,cg06138195,cg06138422,cg06157335,cg06160841,cg06169648,cg06200777,cg06220161,cg06226283,cg06310844,cg06379478,cg06380355,cg06385874,cg06391107,cg06419771,cg06427502,cg06438404,cg06443863,cg06456512,cg06468476,cg06473181,cg06476093,cg06496078,cg06500355,cg06524479,cg06534285,cg06542686,cg06542865,cg06550102,cg06577251,cg06585708,cg06598631,cg06604058,cg06606548,cg06621373,cg06626599,cg06634950,cg06636685,cg06639788,cg06652315,cg06652850,cg06665941,cg06678902,cg06679003,cg06686029,cg06690633,cg06700871,cg06703332,cg06710900,cg06717492,cg06723301,cg06728098,cg06728674,cg06731730,cg06732976,cg06736685,cg06745235,cg06745957,cg06748231,cg06753227,cg06754965,cg06766659,cg06777853,cg06789048,cg06790019,cg06793581,cg06794263,cg06796825,cg06800444,cg06807989,cg06815976,cg06826278,cg06836181,cg06848185,cg06852575,cg06858186,cg06864005,cg06866657,cg06896619,cg06901526,cg06911519,cg06919790,cg06927324,cg06928838,cg06957130,cg06966660,cg06973234,cg06979550,cg06983551,cg07000551,cg07010359,cg07021777,cg07023327,cg07051329,cg07061579,cg07087156,cg07089783,cg07093111,cg07094915,cg07101354,cg07104116,cg07113322,cg07122172,cg07131604,cg07135797,cg07146119,cg07156929,cg07160044,cg07167946,cg07181902,cg07197864,cg07207484,cg07220085,cg07226679,cg07255356,cg07269724,cg07274204,cg07277818,cg07297567,cg07306881,cg07318453,cg07324633,cg07333905,cg07344583,cg07352798,cg07354253,cg07355551,cg07355693,cg07370646,cg07375367,cg07387199,cg07393674,cg07399355,cg07417284,cg07423602,cg07436753,cg07439409,cg07458698,cg07458712,cg07461160,cg07466433,cg07472772,cg07483523,cg07489134,cg07504545,cg07513383,cg07519721,cg07519873,cg07520141,cg07535605,cg07538946,cg07558287,cg07562458,cg07562483,cg07570055,cg07571970,cg07580707,cg07589166,cg07598522,cg07599579,cg07630649,cg07645461,cg07697662,cg07702548,cg07713849,cg07742134,cg07753245,cg07785225,cg07817097,cg07818830,cg07865517,cg07882184,cg07882382,cg07892879,cg07913310,cg07923305,cg07923459,cg07926482,cg07927839,cg07940793,cg07956936,cg07958926,cg07963361,cg07967679,cg07972541,cg07982935,cg08005943,cg08009993,cg08023476,cg08035872,cg08039701,cg08072980,cg08073527,cg08097417,cg08125682,cg08158076,cg08158524,cg08169394,cg08185661,cg08192350,cg08209163,cg08272731,cg08274589,cg08324115,cg08326301,cg08334153,cg08348387,cg08351017,cg08354699,cg08370718,cg08387285,cg08390021,cg08399230,cg08411512,cg08427928,cg08440521,cg08444731,cg08450752,cg08464824,cg08472559,cg08492707,cg08510077,cg08532834,cg08555460,cg08555653,cg08577517,cg08577743,cg08599294,cg08610201,cg08612601,cg08649216,cg08659621,cg08667777,cg08701515,cg08751265,cg08755283,cg08763126,cg08763433,cg08787268,cg08817168,cg08857201,cg08866402,cg08872741,cg08876479,cg08876591,cg08882650,cg08883955	E005	1.76e-07
1.581	4.49e-04	E006 H1 Derived Mesenchymal Stem Cells	ES Cell	H3K4me3	E006-H3K4me3.broadPeak.gz	cg00021237,cg00024722,cg00026230,cg00026974,cg00040423,cg00077299,cg00097536,cg00102920,cg00123055,cg00161515,cg00167275,cg00226754,cg00231920,cg00252696,cg00260647,cg00271154,cg00280548,cg00280814,cg00292435,cg00306421,cg00319567,cg00320345,cg00355633,cg00371453,cg00389341,cg00395140,cg00399650,cg00402069,cg00419759,cg00437985,cg00441754,cg00448143,cg00455883,cg00459447,cg00472801,cg00476986,cg00498603,cg00502932,cg00529946,cg00538370,cg00544734,cg00547077,cg00572487,cg00574907,cg00598261,cg00608467,cg00639286,cg00649827,cg00668227,cg00671225,cg00687252,cg00704288,cg00704909,cg00718440,cg00734800,cg00737992,cg00742472,cg00748373,cg00751288,cg00759634,cg00761755,cg00777537,cg00777895,cg00786747,cg00789423,cg00790928,cg00794178,cg00814733,cg00823995,cg00829944,cg00830767,cg00843623,cg00873521,cg00893385,cg00903375,cg00906435,cg00909976,cg00916439,cg00922697,cg00922781,cg00923803,cg00935924,cg00949554,cg00960509,cg00960580,cg00987699,cg00994389,cg00994411,cg01025599,cg01026613,cg01035689,cg01060358,cg01083340,cg01093329,cg01116134,cg01117833,cg01131038,cg01135780,cg01140149,cg01145709,cg01149132,cg01149896,cg01153979,cg01158415,cg01179631,cg01185138,cg01202751,cg01216607,cg01239717,cg01244944,cg01249180,cg01261351,cg01262133,cg01279426,cg01297808,cg01306985,cg01310829,cg01314194,cg01320048,cg01335042,cg01338834,cg01353569,cg01358551,cg01363714,cg01365762,cg01373292,cg01373691,cg01405143,cg01458686,cg01460557,cg01462829,cg01467266,cg01482912,cg01487433,cg01488674,cg01519164,cg01524091,cg01527159,cg01531665,cg01546046,cg01554453,cg01566127,cg01582807,cg01588546,cg01600222,cg01613965,cg01638175,cg01638235,cg01645753,cg01663225,cg01719123,cg01726103,cg01755728,cg01768179,cg01773951,cg01777630,cg01779076,cg01789478,cg01796104,cg01807919,cg01814186,cg01819787,cg01823956,cg01861096,cg01906015,cg01909487,cg01923740,cg01932076,cg01936090,cg01939479,cg01939664,cg01945391,cg01959412,cg01981108,cg01999086,cg02002494,cg02015876,cg02047359,cg02048674,cg02051077,cg02053340,cg02056921,cg02096656,cg02120584,cg02121330,cg02137583,cg02151625,cg02157667,cg02172824,cg02181963,cg02199589,cg02201215,cg02239805,cg02243437,cg02248325,cg02257675,cg02261604,cg02268424,cg02269221,cg02269272,cg02271227,cg02283485,cg02291403,cg02297747,cg02308112,cg02323694,cg02327123,cg02334926,cg02337499,cg02339297,cg02351018,cg02374837,cg02385840,cg02386183,cg02396143,cg02399652,cg02405530,cg02426912,cg02429398,cg02445447,cg02446681,cg02453779,cg02475998,cg02484047,cg02493614,cg02505596,cg02507657,cg02510736,cg02521102,cg02537106,cg02542103,cg02558424,cg02561482,cg02569759,cg02578312,cg02590295,cg02596190,cg02602480,cg02619495,cg02620228,cg02621020,cg02631680,cg02632809,cg02642298,cg02646394,cg02650266,cg02661258,cg02661426,cg02668708,cg02671671,cg02683363,cg02697074,cg02707669,cg02709717,cg02716799,cg02717570,cg02723904,cg02727104,cg02736602,cg02763798,cg02768390,cg02773019,cg02778551,cg02788401,cg02792602,cg02836487,cg02862354,cg02863073,cg02870950,cg02877856,cg02878439,cg02896705,cg02898122,cg02916409,cg02925229,cg02925427,cg02929209,cg02936451,cg02938524,cg02952317,cg02964396,cg02976543,cg02994645,cg02996314,cg03004280,cg03015433,cg03031933,cg03041860,cg03044510,cg03053597,cg03061024,cg03067068,cg03069383,cg03072621,cg03108496,cg03118206,cg03121168,cg03128332,cg03144560,cg03160466,cg03174294,cg03175653,cg03181118,cg03183872,cg03184439,cg03186339,cg03214080,cg03220945,cg03222971,cg03230579,cg03239591,cg03259243,cg03262242,cg03276167,cg03301282,cg03309721,cg03325014,cg03330867,cg03352657,cg03373091,cg03383661,cg03394401,cg03415695,cg03420286,cg03426840,cg03433712,cg03442378,cg03462171,cg03468541,cg03489495,cg03508908,cg03533382,cg03542721,cg03575764,cg03576787,cg03591798,cg03592197,cg03598754,cg03599547,cg03609269,cg03614734,cg03623155,cg03628186,cg03634887,cg03637815,cg03638905,cg03644750,cg03646922,cg03648679,cg03650154,cg03655371,cg03668558,cg03674076,cg03689054,cg03696599,cg03700121,cg03705947,cg03716738,cg03720887,cg03730280,cg03746482,cg03747177,cg03750606,cg03761477,cg03765692,cg03771185,cg03809994,cg03820205,cg03820828,cg03858673,cg03876032,cg03891268,cg03891330,cg03919779,cg03921416,cg03940157,cg03967192,cg03968699,cg03973167,cg03982544,cg03983647,cg04004830,cg04013089,cg04015759,cg04020984,cg04027074,cg04033706,cg04047221,cg04053862,cg04061197,cg04063589,cg04071446,cg04072768,cg04100724,cg04104609,cg04111177,cg04121495,cg04125208,cg04128307,cg04131734,cg04132452,cg04184107,cg04188862,cg04202802,cg04215179,cg04232674,cg04237075,cg04240267,cg04260924,cg04265407,cg04266779,cg04266864,cg04278444,cg04285493,cg04298626,cg04311227,cg04314525,cg04317977,cg04324758,cg04328477,cg04333213,cg04337412,cg04344565,cg04358923,cg04364540,cg04366385,cg04373587,cg04386144,cg04413644,cg04421424,cg04426007,cg04428535,cg04431387,cg04434568,cg04437590,cg04454285,cg04463911,cg04470905,cg04484579,cg04498032,cg04515913,cg04531254,cg04534813,cg04539241,cg04547205,cg04559178,cg04565464,cg04568613,cg04584833,cg04585390,cg04617570,cg04627240,cg04635154,cg04652621,cg04656042,cg04665204,cg04677326,cg04686114,cg04691540,cg04721302,cg04736562,cg04738309,cg04750593,cg04759767,cg04780909,cg04781587,cg04791747,cg04803843,cg04810377,cg04825775,cg04856096,cg04869206,cg04876451,cg04886703,cg04891165,cg04900785,cg04902542,cg04913443,cg04914305,cg04920270,cg04925824,cg04930469,cg04939294,cg04947578,cg04948627,cg04959815,cg04971418,cg05000748,cg05001908,cg05002041,cg05011232,cg05020775,cg05020822,cg05024413,cg05040544,cg05041145,cg05095774,cg05100916,cg05122605,cg05128992,cg05135213,cg05157171,cg05171367,cg05214685,cg05231098,cg05241025,cg05257479,cg05260236,cg05262436,cg05270119,cg05281338,cg05315865,cg05336115,cg05349062,cg05350358,cg05360402,cg05377998,cg05406635,cg05408886,cg05414442,cg05422897,cg05449217,cg05461259,cg05468351,cg05479582,cg05484920,cg05494465,cg05534678,cg05564608,cg05575220,cg05577902,cg05592035,cg05592363,cg05595753,cg05609414,cg05616754,cg05621343,cg05622441,cg05637536,cg05637795,cg05640069,cg05663122,cg05669285,cg05702448,cg05704155,cg05712403,cg05727959,cg05733026,cg05736236,cg05752819,cg05756109,cg05782078,cg05783854,cg05786840,cg05787931,cg05796321,cg05808815,cg05843966,cg05849499,cg05849857,cg05861071,cg05874478,cg05878337,cg05900347,cg05913197,cg05915794,cg05920090,cg05923184,cg05924191,cg05930162,cg05931265,cg05931684,cg05940231,cg05952120,cg05954989,cg05955675,cg05959525,cg06007320,cg06025835,cg06045225,cg06056004,cg06058923,cg06073094,cg06074314,cg06110578,cg06112779,cg06128043,cg06137672,cg06138422,cg06157335,cg06160841,cg06169648,cg06200777,cg06220161,cg06226283,cg06310844,cg06379478,cg06380355,cg06391107,cg06419771,cg06427502,cg06435604,cg06438404,cg06443863,cg06456512,cg06468476,cg06473181,cg06476093,cg06496078,cg06500355,cg06524479,cg06534285,cg06542686,cg06542865,cg06550102,cg06577251,cg06585708,cg06598631,cg06604058,cg06621373,cg06626599,cg06631310,cg06634950,cg06636685,cg06639788,cg06652315,cg06652850,cg06665941,cg06678902,cg06679003,cg06686029,cg06690633,cg06700871,cg06703332,cg06710900,cg06717492,cg06723301,cg06728098,cg06728674,cg06731730,cg06732976,cg06736685,cg06745235,cg06745957,cg06748231,cg06753227,cg06777853,cg06789048,cg06790019,cg06793581,cg06794263,cg06796825,cg06800444,cg06807989,cg06815976,cg06826278,cg06836181,cg06848185,cg06852575,cg06858186,cg06866657,cg06896619,cg06901526,cg06903151,cg06911519,cg06919790,cg06927324,cg06928838,cg06957130,cg06966660,cg06973234,cg06979550,cg06983551,cg07000551,cg07010359,cg07021777,cg07023327,cg07051329,cg07061579,cg07066067,cg07087156,cg07089783,cg07093111,cg07094915,cg07104116,cg07113322,cg07122172,cg07135797,cg07146119,cg07156929,cg07160044,cg07167946,cg07181902,cg07197864,cg07207484,cg07213548,cg07220085,cg07226679,cg07255356,cg07269724,cg07274204,cg07277818,cg07306881,cg07318453,cg07333905,cg07344583,cg07352798,cg07354253,cg07355551,cg07370646,cg07375367,cg07387199,cg07393674,cg07399355,cg07417284,cg07423602,cg07436753,cg07439409,cg07458698,cg07458712,cg07461160,cg07466433,cg07472772,cg07483523,cg07489134,cg07504545,cg07513383,cg07519721,cg07519873,cg07520141,cg07535605,cg07536847,cg07538946,cg07558287,cg07562458,cg07562483,cg07570055,cg07571970,cg07580707,cg07589166,cg07598522,cg07599579,cg07630649,cg07645461,cg07697662,cg07702548,cg07713849,cg07737810,cg07742134,cg07753245,cg07793537,cg07817097,cg07818830,cg07882184,cg07882382,cg07892879,cg07913310,cg07923305,cg07923459,cg07926482,cg07927839,cg07940793,cg07956936,cg07958926,cg07963361,cg07967679,cg07972541,cg07982935,cg08005943,cg08009993,cg08012278,cg08039701,cg08072980,cg08073527,cg08081845,cg08097417,cg08117436,cg08125682,cg08158076,cg08158524,cg08169394,cg08185661,cg08192350,cg08209163,cg08272731,cg08274589,cg08324115,cg08326301,cg08334153,cg08348387,cg08351017,cg08354699,cg08370718,cg08387285,cg08390021,cg08399230,cg08411512,cg08427928,cg08440521,cg08444731,cg08450752,cg08464824,cg08472559,cg08492707,cg08510077,cg08532834,cg08555460,cg08555653,cg08577517,cg08577743,cg08599294,cg08610201,cg08612601,cg08659621,cg08667777,cg08701515,cg08755283,cg08763126,cg08763433,cg08787268,cg08817168,cg08857201,cg08866402,cg08872741,cg08876479,cg08876591,cg08882650,cg08883955	E006	1.96e-03
2.757	7.39e-09	E007 H1 Derived Neuronal Progenitor Cultured Cells	ES Cell	H3K4me3	E007-H3K4me3.broadPeak.gz	cg00021237,cg00024722,cg00026230,cg00026974,cg00040423,cg00077299,cg00097536,cg00102920,cg00123055,cg00147578,cg00167275,cg00179576,cg00226754,cg00231920,cg00252696,cg00260647,cg00271154,cg00280548,cg00280814,cg00292435,cg00306421,cg00319567,cg00355633,cg00371453,cg00389341,cg00393376,cg00395140,cg00399650,cg00402069,cg00419759,cg00437985,cg00441754,cg00448143,cg00455883,cg00459447,cg00472801,cg00476986,cg00498603,cg00502932,cg00503302,cg00514514,cg00529946,cg00538370,cg00539325,cg00544734,cg00547077,cg00572487,cg00574907,cg00598261,cg00599266,cg00608467,cg00629514,cg00637687,cg00639286,cg00649827,cg00668227,cg00669746,cg00687252,cg00704288,cg00704909,cg00713294,cg00718440,cg00734800,cg00742472,cg00748373,cg00751288,cg00759634,cg00761755,cg00777537,cg00777895,cg00786390,cg00789423,cg00790928,cg00794178,cg00814733,cg00823995,cg00829944,cg00843623,cg00873521,cg00893385,cg00903375,cg00906435,cg00909976,cg00916439,cg00922781,cg00923803,cg00935924,cg00949554,cg00960509,cg00960580,cg00987699,cg00994389,cg00994411,cg01025599,cg01026613,cg01035689,cg01060358,cg01083340,cg01093329,cg01117833,cg01131038,cg01135780,cg01145709,cg01149132,cg01149896,cg01153979,cg01158415,cg01165560,cg01166350,cg01179631,cg01185138,cg01202751,cg01216607,cg01239717,cg01244944,cg01249180,cg01261351,cg01262133,cg01306985,cg01310829,cg01314194,cg01320048,cg01335042,cg01338834,cg01353569,cg01358551,cg01363714,cg01365762,cg01373292,cg01373691,cg01405143,cg01458686,cg01460557,cg01462829,cg01482912,cg01487433,cg01488674,cg01519164,cg01524091,cg01527159,cg01531665,cg01542423,cg01546046,cg01554453,cg01566127,cg01582807,cg01588546,cg01613965,cg01638175,cg01645753,cg01663225,cg01719123,cg01726103,cg01747036,cg01755728,cg01768179,cg01773951,cg01777630,cg01779076,cg01789478,cg01793617,cg01796104,cg01807919,cg01814186,cg01816191,cg01819787,cg01823956,cg01861096,cg01906015,cg01909487,cg01923740,cg01932076,cg01936090,cg01939479,cg01939664,cg01945391,cg01959412,cg01981108,cg01999086,cg02002494,cg02015876,cg02047359,cg02048674,cg02051077,cg02053340,cg02056921,cg02096656,cg02120584,cg02121330,cg02137583,cg02151625,cg02157667,cg02172824,cg02181963,cg02187712,cg02199589,cg02201215,cg02239805,cg02243437,cg02248325,cg02257675,cg02261604,cg02265379,cg02268424,cg02269221,cg02269272,cg02283485,cg02291403,cg02297747,cg02308112,cg02323694,cg02327123,cg02334926,cg02337499,cg02339297,cg02350644,cg02351018,cg02374837,cg02385840,cg02386183,cg02396143,cg02399652,cg02405530,cg02411582,cg02426912,cg02429398,cg02445447,cg02446681,cg02453779,cg02473395,cg02484047,cg02493614,cg02505596,cg02507657,cg02510736,cg02521102,cg02537106,cg02558424,cg02561482,cg02569759,cg02578312,cg02590295,cg02596190,cg02602480,cg02619495,cg02620228,cg02621020,cg02631680,cg02632809,cg02642298,cg02646394,cg02650266,cg02661258,cg02661426,cg02668708,cg02671671,cg02675466,cg02683363,cg02697074,cg02707669,cg02709717,cg02716799,cg02717570,cg02723904,cg02727104,cg02736602,cg02763798,cg02768390,cg02773019,cg02778551,cg02788401,cg02792602,cg02836487,cg02859866,cg02862354,cg02863073,cg02870950,cg02878439,cg02896705,cg02898122,cg02916409,cg02925229,cg02929209,cg02936451,cg02938524,cg02955287,cg02976543,cg02994645,cg02996314,cg03004280,cg03015433,cg03031933,cg03041860,cg03044510,cg03053597,cg03061024,cg03067068,cg03069383,cg03071924,cg03072621,cg03108496,cg03118206,cg03121168,cg03144560,cg03160466,cg03174294,cg03175653,cg03181118,cg03183872,cg03184439,cg03186339,cg03214080,cg03220945,cg03222971,cg03230579,cg03239591,cg03259243,cg03262242,cg03276167,cg03289801,cg03301282,cg03309721,cg03325014,cg03330867,cg03352657,cg03353863,cg03361633,cg03373091,cg03383661,cg03394401,cg03415695,cg03420286,cg03426840,cg03433712,cg03462171,cg03468541,cg03489495,cg03508908,cg03533382,cg03542721,cg03555487,cg03575764,cg03576787,cg03591798,cg03592197,cg03598754,cg03599547,cg03609269,cg03612039,cg03614734,cg03623155,cg03628186,cg03634887,cg03637815,cg03638905,cg03646922,cg03648679,cg03650154,cg03655371,cg03668558,cg03674076,cg03689054,cg03696599,cg03700121,cg03705947,cg03720887,cg03729853,cg03746482,cg03747177,cg03750606,cg03761477,cg03765692,cg03771185,cg03809994,cg03820205,cg03820828,cg03829216,cg03858673,cg03876032,cg03891330,cg03919779,cg03921416,cg03967192,cg03968699,cg03973167,cg03982544,cg03983647,cg04013089,cg04015759,cg04020984,cg04027074,cg04033706,cg04047221,cg04053862,cg04061197,cg04071446,cg04072768,cg04100724,cg04104609,cg04111177,cg04121495,cg04125208,cg04128307,cg04131734,cg04132452,cg04173992,cg04188862,cg04202802,cg04232674,cg04237075,cg04240267,cg04260924,cg04265407,cg04266779,cg04266864,cg04278444,cg04285493,cg04298626,cg04311227,cg04314525,cg04317977,cg04324758,cg04328477,cg04333213,cg04337412,cg04344565,cg04349117,cg04358923,cg04364540,cg04366385,cg04373587,cg04386144,cg04413644,cg04421424,cg04426007,cg04428535,cg04431387,cg04434568,cg04437590,cg04463911,cg04470905,cg04484579,cg04498032,cg04531254,cg04534813,cg04539241,cg04547205,cg04559178,cg04565464,cg04568613,cg04584833,cg04585390,cg04617570,cg04627240,cg04635154,cg04652621,cg04656042,cg04677326,cg04686114,cg04691540,cg04714638,cg04721302,cg04731120,cg04736562,cg04738309,cg04750593,cg04759767,cg04780909,cg04781587,cg04791747,cg04803843,cg04810377,cg04825775,cg04856096,cg04864062,cg04869206,cg04876451,cg04886703,cg04891165,cg04900785,cg04902542,cg04913443,cg04914305,cg04920270,cg04925824,cg04930469,cg04939294,cg04947578,cg04948627,cg04959815,cg04971418,cg04983459,cg04986276,cg05000748,cg05001908,cg05002041,cg05006231,cg05011232,cg05020775,cg05020822,cg05024413,cg05040544,cg05095774,cg05100916,cg05122605,cg05128992,cg05135213,cg05157171,cg05171367,cg05214685,cg05231098,cg05241025,cg05257479,cg05262436,cg05270119,cg05281338,cg05315865,cg05336115,cg05349062,cg05350358,cg05360402,cg05377998,cg05406635,cg05422897,cg05449217,cg05461259,cg05468351,cg05479582,cg05484920,cg05494465,cg05534678,cg05564608,cg05577902,cg05592035,cg05592363,cg05595753,cg05609414,cg05616754,cg05621343,cg05622441,cg05637536,cg05637795,cg05640069,cg05663122,cg05669285,cg05702448,cg05704155,cg05712403,cg05727959,cg05733026,cg05736236,cg05752819,cg05756109,cg05782078,cg05783854,cg05786840,cg05787931,cg05796321,cg05808815,cg05831907,cg05849499,cg05849857,cg05861071,cg05874478,cg05878337,cg05900347,cg05913197,cg05915794,cg05920090,cg05923184,cg05924191,cg05930162,cg05931265,cg05931684,cg05940231,cg05952120,cg05954989,cg05955675,cg05959525,cg06007320,cg06025835,cg06045225,cg06056004,cg06059332,cg06073094,cg06074314,cg06110578,cg06112779,cg06137672,cg06138195,cg06138422,cg06157335,cg06169648,cg06200777,cg06220161,cg06226283,cg06310844,cg06379478,cg06380355,cg06391107,cg06419771,cg06420058,cg06427502,cg06438404,cg06443863,cg06456512,cg06468476,cg06473181,cg06476093,cg06496078,cg06500355,cg06524479,cg06534285,cg06542686,cg06542865,cg06550102,cg06577251,cg06585708,cg06598631,cg06604058,cg06606548,cg06621373,cg06626599,cg06631310,cg06636685,cg06638874,cg06639788,cg06652315,cg06652850,cg06665941,cg06678902,cg06679003,cg06686029,cg06690633,cg06700871,cg06703332,cg06710900,cg06717492,cg06723301,cg06728098,cg06728674,cg06731730,cg06732976,cg06736685,cg06745235,cg06745957,cg06748231,cg06753227,cg06766659,cg06777853,cg06789048,cg06790019,cg06793581,cg06794263,cg06796825,cg06800444,cg06807989,cg06815976,cg06826278,cg06836181,cg06848185,cg06852575,cg06858186,cg06864005,cg06866657,cg06896619,cg06901526,cg06911519,cg06919790,cg06927324,cg06928838,cg06957130,cg06966660,cg06973234,cg06979550,cg06983551,cg07000551,cg07010359,cg07021777,cg07023327,cg07051329,cg07061579,cg07087156,cg07089783,cg07093111,cg07094915,cg07101354,cg07113322,cg07122172,cg07135797,cg07146119,cg07156929,cg07160044,cg07167946,cg07181902,cg07197864,cg07213548,cg07220085,cg07226679,cg07255356,cg07266126,cg07269724,cg07274204,cg07277818,cg07297567,cg07306881,cg07318453,cg07324633,cg07333905,cg07339229,cg07344583,cg07352798,cg07354253,cg07355551,cg07355693,cg07370646,cg07375367,cg07387199,cg07393674,cg07399355,cg07417284,cg07423602,cg07436753,cg07439409,cg07458698,cg07458712,cg07461160,cg07466433,cg07472772,cg07483523,cg07489134,cg07504545,cg07513383,cg07519721,cg07519873,cg07520141,cg07535605,cg07536847,cg07538946,cg07558287,cg07562458,cg07562483,cg07571970,cg07580707,cg07589166,cg07598522,cg07599579,cg07630649,cg07645461,cg07697662,cg07702548,cg07713849,cg07742134,cg07750813,cg07753245,cg07793537,cg07817097,cg07818830,cg07865517,cg07882184,cg07882382,cg07892879,cg07913310,cg07923305,cg07923459,cg07926482,cg07927839,cg07940793,cg07956936,cg07958926,cg07963361,cg07967679,cg07972541,cg07982935,cg08005943,cg08009993,cg08012278,cg08035872,cg08039701,cg08072980,cg08073527,cg08097417,cg08125682,cg08158076,cg08158524,cg08169394,cg08185661,cg08192350,cg08209163,cg08272731,cg08274589,cg08326301,cg08334153,cg08348387,cg08351017,cg08354699,cg08370718,cg08387285,cg08390021,cg08399230,cg08411512,cg08427928,cg08444731,cg08464824,cg08472559,cg08492707,cg08510077,cg08532834,cg08555460,cg08555653,cg08577517,cg08577743,cg08599294,cg08610201,cg08612601,cg08659621,cg08666333,cg08667777,cg08701515,cg08751265,cg08755283,cg08763126,cg08763433,cg08787268,cg08817168,cg08857201,cg08866402,cg08876479,cg08876591,cg08882650,cg08883955	E007	4.38e-08
3.812	1.93e-13	E008 H9 Cells	ES Cell	H3K4me3	E008-H3K4me3.broadPeak.gz	cg00021237,cg00024722,cg00026230,cg00026974,cg00040423,cg00077299,cg00097536,cg00102920,cg00123055,cg00147578,cg00167275,cg00226754,cg00231920,cg00252696,cg00260647,cg00271154,cg00280548,cg00280814,cg00292435,cg00306421,cg00319567,cg00355633,cg00371453,cg00389341,cg00393376,cg00395140,cg00399650,cg00402069,cg00419759,cg00437985,cg00441754,cg00448143,cg00455883,cg00459447,cg00472801,cg00476986,cg00498603,cg00502932,cg00503302,cg00511674,cg00529946,cg00538370,cg00539325,cg00544734,cg00547077,cg00572487,cg00574907,cg00598261,cg00599702,cg00608467,cg00629514,cg00637687,cg00639286,cg00649827,cg00668227,cg00671225,cg00687252,cg00704288,cg00704909,cg00713294,cg00718440,cg00734800,cg00742472,cg00748373,cg00751288,cg00759634,cg00761755,cg00777537,cg00777895,cg00786390,cg00786747,cg00789423,cg00790928,cg00794178,cg00814733,cg00823995,cg00829944,cg00830767,cg00843623,cg00873521,cg00893385,cg00903375,cg00906435,cg00909976,cg00916439,cg00922697,cg00922781,cg00923803,cg00935924,cg00949554,cg00960509,cg00960580,cg00987699,cg00994389,cg00994411,cg01025599,cg01026613,cg01035689,cg01047040,cg01060358,cg01083340,cg01093329,cg01117833,cg01131038,cg01135780,cg01145709,cg01149132,cg01149896,cg01153979,cg01179631,cg01185138,cg01202751,cg01216607,cg01239717,cg01244944,cg01249180,cg01261351,cg01297808,cg01306985,cg01310829,cg01314194,cg01320048,cg01335042,cg01338834,cg01353569,cg01356981,cg01358551,cg01363714,cg01365762,cg01373292,cg01373691,cg01393327,cg01405143,cg01458686,cg01460557,cg01462829,cg01467266,cg01482912,cg01487433,cg01488674,cg01519164,cg01524091,cg01527159,cg01531665,cg01546046,cg01554453,cg01566127,cg01582807,cg01588546,cg01600222,cg01613965,cg01638175,cg01645753,cg01660676,cg01663225,cg01719123,cg01726103,cg01755728,cg01759562,cg01768179,cg01773951,cg01777630,cg01779076,cg01789478,cg01796104,cg01807919,cg01814186,cg01816191,cg01819787,cg01823956,cg01861096,cg01906015,cg01909487,cg01923740,cg01932076,cg01936090,cg01939479,cg01939664,cg01945391,cg01959412,cg01981108,cg01999086,cg02002494,cg02015876,cg02047359,cg02048674,cg02051077,cg02051553,cg02053340,cg02056921,cg02096656,cg02120584,cg02121330,cg02151625,cg02157667,cg02172824,cg02181963,cg02187712,cg02199589,cg02201215,cg02239805,cg02243437,cg02248325,cg02257675,cg02261604,cg02268424,cg02269221,cg02269272,cg02271227,cg02283485,cg02291403,cg02297747,cg02308112,cg02323694,cg02327123,cg02334926,cg02337499,cg02339297,cg02350644,cg02351018,cg02374837,cg02385840,cg02386183,cg02390278,cg02396143,cg02399652,cg02405530,cg02426912,cg02429398,cg02445447,cg02446681,cg02453779,cg02473395,cg02484047,cg02493614,cg02505596,cg02507657,cg02510736,cg02521102,cg02537106,cg02558424,cg02561482,cg02569759,cg02578312,cg02590295,cg02596190,cg02602480,cg02620228,cg02621020,cg02631680,cg02632809,cg02642298,cg02646394,cg02650266,cg02661258,cg02661426,cg02668708,cg02671671,cg02683363,cg02697074,cg02707669,cg02709717,cg02716799,cg02717570,cg02723904,cg02727104,cg02736602,cg02763798,cg02773019,cg02788401,cg02792602,cg02836487,cg02862354,cg02863073,cg02870950,cg02877856,cg02896705,cg02898122,cg02916409,cg02925229,cg02929209,cg02936451,cg02938524,cg02964396,cg02976543,cg02994645,cg02996314,cg03004280,cg03015433,cg03031933,cg03041860,cg03044510,cg03053597,cg03061024,cg03067068,cg03069383,cg03072621,cg03108496,cg03118206,cg03121168,cg03128332,cg03144560,cg03160466,cg03174294,cg03175653,cg03183872,cg03184439,cg03186339,cg03214080,cg03220945,cg03222971,cg03230579,cg03239591,cg03259243,cg03262242,cg03276167,cg03301282,cg03309721,cg03330867,cg03352657,cg03373091,cg03383661,cg03394401,cg03415695,cg03420286,cg03426840,cg03433712,cg03442378,cg03462171,cg03468541,cg03489495,cg03508908,cg03533382,cg03542721,cg03575764,cg03576787,cg03591798,cg03592197,cg03598754,cg03599547,cg03609269,cg03612039,cg03614734,cg03623155,cg03628186,cg03634887,cg03637815,cg03638905,cg03646922,cg03648679,cg03650154,cg03655371,cg03668558,cg03674076,cg03689054,cg03696599,cg03700121,cg03705947,cg03720887,cg03729853,cg03746482,cg03747177,cg03750606,cg03761477,cg03765692,cg03771185,cg03809994,cg03820205,cg03820828,cg03858673,cg03876032,cg03891268,cg03891330,cg03919779,cg03921416,cg03940157,cg03967192,cg03968699,cg03973167,cg03982544,cg03983647,cg04004632,cg04004830,cg04015759,cg04020984,cg04027074,cg04033706,cg04047221,cg04053862,cg04061197,cg04063589,cg04071446,cg04072768,cg04100724,cg04104609,cg04111177,cg04121495,cg04125208,cg04128307,cg04131734,cg04132452,cg04173992,cg04188862,cg04202802,cg04215179,cg04232674,cg04237075,cg04240267,cg04260924,cg04265407,cg04266779,cg04266864,cg04285493,cg04298626,cg04311227,cg04314525,cg04317977,cg04324758,cg04328477,cg04331511,cg04333213,cg04337412,cg04344565,cg04358923,cg04364540,cg04366385,cg04373587,cg04386144,cg04413644,cg04421424,cg04426007,cg04428535,cg04431387,cg04434568,cg04437590,cg04470905,cg04484579,cg04498032,cg04515913,cg04531254,cg04534813,cg04539241,cg04547205,cg04559178,cg04565464,cg04568613,cg04576847,cg04584833,cg04617570,cg04627240,cg04652621,cg04656042,cg04677326,cg04686114,cg04691540,cg04721302,cg04731120,cg04738309,cg04750593,cg04759767,cg04764907,cg04780909,cg04791747,cg04794369,cg04803843,cg04810377,cg04825775,cg04856096,cg04864062,cg04869206,cg04876451,cg04886703,cg04900785,cg04902542,cg04913443,cg04914305,cg04920270,cg04925824,cg04930469,cg04939294,cg04947578,cg04948627,cg04959815,cg04971418,cg05000748,cg05001908,cg05002041,cg05011232,cg05020775,cg05020822,cg05024413,cg05040544,cg05041145,cg05095774,cg05100916,cg05122605,cg05128992,cg05135213,cg05157171,cg05171367,cg05214685,cg05231098,cg05241025,cg05257479,cg05262436,cg05270119,cg05281338,cg05315865,cg05336115,cg05349062,cg05350358,cg05360402,cg05406635,cg05414442,cg05422897,cg05449217,cg05461259,cg05468351,cg05479582,cg05484920,cg05494465,cg05534678,cg05538632,cg05577902,cg05592035,cg05592363,cg05609414,cg05616754,cg05621343,cg05622441,cg05637536,cg05637795,cg05640069,cg05663122,cg05669285,cg05702448,cg05704155,cg05712403,cg05727959,cg05733026,cg05736236,cg05752819,cg05756109,cg05782078,cg05783854,cg05786840,cg05787931,cg05796321,cg05808815,cg05849857,cg05861071,cg05874478,cg05878337,cg05900347,cg05913197,cg05915794,cg05920090,cg05923184,cg05924191,cg05930162,cg05931265,cg05931684,cg05940231,cg05952120,cg05954989,cg05959525,cg05990650,cg06007320,cg06025835,cg06045225,cg06056004,cg06058923,cg06059332,cg06073094,cg06074314,cg06082228,cg06110578,cg06112779,cg06137672,cg06138195,cg06138422,cg06157335,cg06169648,cg06200777,cg06220161,cg06226283,cg06290265,cg06310844,cg06379478,cg06380355,cg06385874,cg06391107,cg06419771,cg06427502,cg06438404,cg06443863,cg06456512,cg06468476,cg06473181,cg06476093,cg06496078,cg06496222,cg06500355,cg06524479,cg06534285,cg06542686,cg06542865,cg06550102,cg06577251,cg06585708,cg06598631,cg06604058,cg06621373,cg06626599,cg06631310,cg06634950,cg06636685,cg06639788,cg06652315,cg06652850,cg06654498,cg06665941,cg06677120,cg06678902,cg06679003,cg06686029,cg06690633,cg06700871,cg06703332,cg06710900,cg06717492,cg06723301,cg06728098,cg06728674,cg06731730,cg06736685,cg06745235,cg06745957,cg06748231,cg06753227,cg06766659,cg06777853,cg06790019,cg06793581,cg06794263,cg06796825,cg06800444,cg06807989,cg06815976,cg06826278,cg06836181,cg06848185,cg06852575,cg06858186,cg06866657,cg06896619,cg06901526,cg06911519,cg06919790,cg06927324,cg06928838,cg06957130,cg06966660,cg06973234,cg06977935,cg06979550,cg06983551,cg07000551,cg07010359,cg07021777,cg07023327,cg07051329,cg07061579,cg07087156,cg07089783,cg07093111,cg07094915,cg07101354,cg07104116,cg07113322,cg07122172,cg07135797,cg07146119,cg07156929,cg07160044,cg07167946,cg07181902,cg07197864,cg07220085,cg07226679,cg07255356,cg07266126,cg07269724,cg07277818,cg07306881,cg07318453,cg07333905,cg07344583,cg07352798,cg07354253,cg07355551,cg07355693,cg07370646,cg07375367,cg07387199,cg07399355,cg07417284,cg07423602,cg07436753,cg07439409,cg07458698,cg07458712,cg07461160,cg07466433,cg07472772,cg07483523,cg07489134,cg07504545,cg07513383,cg07519721,cg07519873,cg07520141,cg07535605,cg07536847,cg07538946,cg07558287,cg07562458,cg07562483,cg07570055,cg07571970,cg07580707,cg07589166,cg07598522,cg07630649,cg07645461,cg07697662,cg07702548,cg07713849,cg07742134,cg07753245,cg07785225,cg07793537,cg07817097,cg07818830,cg07865517,cg07882184,cg07882382,cg07913310,cg07923305,cg07923459,cg07926482,cg07927839,cg07940793,cg07956936,cg07958926,cg07963361,cg07967679,cg07972541,cg07982935,cg08005943,cg08009993,cg08012278,cg08023476,cg08039701,cg08072980,cg08073527,cg08081845,cg08097417,cg08125682,cg08158076,cg08158524,cg08169394,cg08185661,cg08192350,cg08209163,cg08272731,cg08274589,cg08285429,cg08324115,cg08326301,cg08334153,cg08336300,cg08348387,cg08354699,cg08370718,cg08387285,cg08390021,cg08399230,cg08411512,cg08427928,cg08440521,cg08444731,cg08450752,cg08464824,cg08472559,cg08492707,cg08510077,cg08532834,cg08555460,cg08555653,cg08577341,cg08577517,cg08577743,cg08599294,cg08610201,cg08612601,cg08659621,cg08667777,cg08701515,cg08751265,cg08755283,cg08763126,cg08763433,cg08787268,cg08817168,cg08857201,cg08866402,cg08872741,cg08876479,cg08876591,cg08882650,cg08883955	E008	1.68e-12
4.268	1.58e-12	E085 Fetal Intestine Small	Feta Intestine Small	H3K4me3	E085-H3K4me3.broadPeak.gz	cg00021237,cg00024722,cg00026230,cg00026974,cg00040423,cg00077299,cg00097536,cg00102920,cg00123055,cg00147578,cg00167275,cg00226754,cg00231920,cg00252696,cg00260647,cg00271154,cg00280548,cg00292435,cg00306421,cg00319567,cg00355633,cg00389341,cg00393376,cg00399650,cg00402069,cg00419759,cg00437985,cg00441754,cg00448143,cg00455883,cg00459447,cg00472801,cg00476986,cg00498603,cg00502932,cg00511674,cg00529946,cg00538370,cg00544734,cg00547077,cg00572487,cg00574907,cg00598261,cg00608467,cg00637687,cg00639286,cg00649827,cg00668227,cg00671225,cg00687252,cg00704288,cg00704909,cg00713294,cg00718440,cg00734800,cg00742472,cg00748373,cg00751288,cg00759634,cg00761755,cg00777537,cg00777895,cg00786747,cg00789423,cg00790928,cg00794178,cg00814733,cg00823995,cg00829944,cg00830767,cg00843623,cg00873521,cg00893385,cg00903375,cg00906435,cg00909976,cg00916439,cg00922781,cg00923803,cg00935924,cg00949554,cg00960509,cg00960580,cg00987699,cg00994411,cg01025599,cg01026613,cg01035689,cg01060358,cg01083340,cg01093329,cg01117833,cg01135780,cg01145709,cg01149132,cg01149896,cg01153979,cg01179631,cg01185138,cg01202751,cg01216607,cg01239717,cg01244944,cg01249180,cg01261351,cg01297808,cg01306985,cg01310829,cg01314194,cg01320048,cg01335042,cg01338834,cg01353569,cg01358551,cg01363714,cg01365762,cg01373691,cg01393327,cg01405143,cg01458686,cg01460557,cg01462829,cg01467266,cg01482912,cg01487433,cg01488674,cg01519164,cg01524091,cg01527159,cg01531665,cg01546046,cg01554453,cg01566127,cg01582807,cg01588546,cg01613965,cg01638175,cg01645753,cg01663225,cg01719123,cg01726103,cg01755728,cg01768179,cg01773951,cg01777630,cg01779076,cg01789478,cg01796104,cg01807919,cg01814186,cg01816191,cg01819787,cg01823956,cg01861096,cg01906015,cg01909487,cg01923740,cg01932076,cg01936090,cg01939479,cg01939664,cg01945391,cg01959412,cg01999086,cg02002494,cg02015876,cg02047359,cg02048674,cg02051077,cg02053340,cg02056921,cg02065970,cg02096656,cg02121330,cg02151625,cg02157667,cg02172824,cg02181963,cg02199589,cg02201215,cg02210038,cg02239805,cg02243437,cg02248325,cg02257675,cg02261604,cg02268424,cg02269221,cg02269272,cg02269636,cg02283485,cg02291403,cg02308112,cg02323694,cg02327123,cg02334926,cg02337499,cg02339297,cg02350644,cg02374837,cg02385840,cg02386183,cg02396143,cg02399652,cg02405530,cg02426912,cg02429398,cg02445447,cg02446681,cg02453779,cg02473395,cg02475998,cg02484047,cg02493614,cg02510736,cg02521102,cg02537106,cg02542103,cg02558424,cg02569759,cg02578312,cg02590295,cg02596190,cg02602480,cg02620228,cg02621020,cg02631680,cg02632809,cg02642298,cg02646394,cg02661258,cg02661426,cg02668708,cg02671671,cg02683363,cg02697074,cg02707669,cg02709717,cg02716799,cg02717570,cg02723904,cg02727104,cg02736602,cg02763798,cg02773019,cg02788401,cg02792602,cg02836487,cg02859866,cg02862354,cg02863073,cg02870950,cg02878439,cg02896705,cg02898122,cg02916409,cg02925229,cg02929209,cg02936451,cg02938524,cg02964396,cg02976543,cg02994645,cg02996314,cg03004280,cg03015433,cg03031933,cg03041860,cg03044510,cg03053597,cg03061024,cg03067068,cg03069383,cg03071924,cg03108496,cg03118206,cg03121168,cg03144560,cg03174294,cg03175653,cg03183872,cg03184439,cg03186339,cg03214080,cg03220945,cg03222971,cg03230579,cg03239591,cg03259243,cg03262242,cg03276167,cg03301282,cg03309721,cg03330867,cg03352657,cg03373091,cg03383661,cg03394401,cg03415695,cg03420286,cg03426840,cg03433712,cg03462171,cg03468541,cg03489495,cg03508908,cg03533382,cg03542721,cg03575764,cg03576787,cg03591798,cg03592197,cg03598754,cg03599547,cg03609269,cg03612039,cg03614734,cg03623155,cg03628186,cg03634887,cg03646922,cg03648679,cg03650154,cg03655371,cg03668558,cg03674076,cg03689054,cg03696599,cg03700121,cg03705947,cg03720887,cg03729853,cg03746482,cg03747177,cg03750606,cg03761477,cg03765692,cg03771185,cg03809994,cg03820205,cg03820828,cg03858673,cg03891330,cg03919779,cg03921416,cg03940157,cg03967192,cg03968699,cg03973167,cg03982544,cg03983647,cg04004632,cg04004830,cg04015759,cg04020984,cg04027074,cg04033706,cg04053862,cg04061197,cg04071446,cg04072768,cg04100724,cg04104609,cg04111177,cg04121495,cg04125208,cg04128307,cg04131734,cg04132452,cg04188862,cg04202802,cg04215179,cg04232674,cg04237075,cg04240267,cg04260924,cg04265407,cg04266779,cg04266864,cg04285493,cg04298626,cg04311227,cg04314525,cg04317977,cg04324758,cg04328477,cg04333213,cg04337412,cg04344565,cg04358923,cg04364540,cg04366385,cg04373587,cg04386144,cg04413644,cg04421424,cg04426007,cg04428535,cg04431387,cg04434568,cg04437590,cg04470905,cg04484579,cg04498032,cg04515913,cg04531254,cg04534813,cg04539241,cg04547205,cg04559178,cg04565464,cg04568613,cg04584833,cg04617570,cg04627240,cg04652621,cg04677326,cg04686114,cg04691540,cg04714638,cg04731120,cg04736562,cg04738309,cg04750593,cg04759767,cg04764907,cg04780909,cg04781587,cg04791747,cg04803843,cg04810377,cg04825775,cg04856096,cg04869206,cg04876451,cg04886703,cg04900785,cg04913443,cg04914305,cg04920270,cg04925824,cg04930469,cg04939294,cg04947578,cg04948627,cg04959815,cg04971418,cg05000748,cg05001908,cg05002041,cg05006231,cg05011232,cg05020775,cg05020822,cg05024413,cg05040544,cg05041145,cg05095774,cg05100916,cg05122605,cg05128992,cg05135213,cg05157171,cg05171367,cg05231098,cg05241025,cg05257479,cg05260236,cg05270119,cg05281338,cg05315865,cg05336115,cg05349062,cg05350358,cg05360402,cg05406635,cg05414442,cg05422897,cg05449217,cg05461259,cg05468351,cg05479582,cg05484920,cg05494465,cg05534678,cg05577902,cg05592035,cg05592363,cg05609414,cg05616754,cg05621343,cg05622441,cg05637536,cg05637795,cg05640069,cg05663122,cg05669285,cg05702448,cg05704155,cg05712403,cg05727959,cg05733026,cg05736236,cg05752819,cg05756109,cg05782078,cg05783854,cg05787931,cg05796321,cg05808815,cg05849857,cg05861071,cg05874478,cg05878337,cg05900347,cg05913197,cg05920090,cg05923184,cg05924191,cg05930162,cg05931265,cg05931684,cg05940231,cg05952120,cg05954989,cg05955675,cg05959525,cg06006623,cg06007320,cg06025835,cg06045225,cg06056004,cg06058923,cg06073094,cg06074314,cg06110578,cg06112779,cg06137672,cg06138195,cg06138422,cg06157335,cg06169648,cg06200777,cg06220161,cg06226283,cg06310844,cg06380355,cg06385874,cg06391107,cg06419771,cg06427502,cg06438404,cg06443863,cg06456512,cg06468476,cg06476093,cg06496078,cg06500355,cg06524479,cg06534285,cg06542686,cg06542865,cg06550102,cg06577251,cg06598631,cg06604058,cg06621373,cg06626599,cg06634950,cg06636685,cg06638874,cg06639788,cg06652315,cg06652850,cg06665941,cg06679003,cg06686029,cg06690633,cg06700871,cg06703332,cg06710900,cg06717492,cg06723301,cg06728098,cg06728674,cg06731730,cg06736685,cg06745235,cg06745957,cg06748231,cg06753227,cg06777853,cg06790019,cg06793581,cg06794263,cg06796825,cg06800444,cg06807989,cg06815976,cg06836181,cg06848185,cg06852575,cg06858186,cg06864005,cg06866657,cg06896619,cg06901526,cg06911519,cg06919790,cg06927324,cg06928838,cg06957130,cg06966660,cg06973234,cg06979550,cg06983551,cg07000551,cg07010359,cg07021777,cg07023327,cg07051329,cg07061579,cg07087156,cg07089783,cg07093111,cg07094915,cg07101354,cg07104116,cg07113322,cg07122172,cg07135797,cg07146119,cg07156929,cg07160044,cg07181902,cg07197864,cg07213548,cg07220085,cg07226679,cg07255356,cg07269724,cg07277818,cg07306881,cg07318453,cg07324633,cg07333905,cg07344583,cg07352798,cg07354253,cg07355551,cg07370646,cg07375367,cg07387199,cg07399355,cg07417284,cg07423602,cg07436753,cg07439409,cg07458698,cg07458712,cg07461160,cg07466433,cg07472772,cg07483523,cg07489134,cg07513383,cg07519721,cg07519873,cg07520141,cg07535605,cg07538946,cg07558287,cg07562458,cg07562483,cg07571970,cg07580707,cg07589166,cg07598522,cg07630649,cg07645461,cg07697662,cg07702548,cg07742134,cg07753245,cg07817097,cg07818830,cg07865517,cg07882184,cg07882382,cg07913310,cg07923305,cg07923459,cg07926482,cg07927839,cg07940793,cg07956936,cg07958926,cg07963361,cg07967679,cg07971827,cg07972541,cg08005943,cg08009993,cg08039701,cg08097417,cg08125682,cg08158076,cg08158524,cg08169394,cg08185661,cg08192350,cg08209163,cg08272731,cg08274589,cg08324115,cg08326301,cg08334153,cg08336300,cg08348387,cg08354699,cg08370718,cg08387285,cg08390021,cg08399230,cg08411512,cg08427928,cg08440521,cg08444731,cg08450752,cg08464824,cg08472559,cg08492707,cg08510077,cg08532834,cg08555460,cg08577341,cg08577517,cg08577743,cg08599294,cg08610201,cg08612601,cg08653403,cg08659621,cg08667777,cg08701515,cg08755283,cg08763126,cg08763433,cg08787268,cg08817168,cg08857201,cg08866402,cg08872741,cg08876479,cg08876591,cg08882650,cg08883955	E085	1.14e-11
4.427	3.05e-12	E080 Fetal Adrenal Gland	Fetal Adrenal Gland	H3K4me3	E080-H3K4me3.broadPeak.gz	cg00021237,cg00024722,cg00026230,cg00026974,cg00040423,cg00077299,cg00097536,cg00102920,cg00123055,cg00147578,cg00167275,cg00226754,cg00231920,cg00252696,cg00260647,cg00271154,cg00280548,cg00280814,cg00292435,cg00306421,cg00319567,cg00320345,cg00355633,cg00371453,cg00389341,cg00393376,cg00399650,cg00402069,cg00419759,cg00437985,cg00441754,cg00455883,cg00459447,cg00472801,cg00476986,cg00498603,cg00502932,cg00529946,cg00538370,cg00544734,cg00547077,cg00572487,cg00574907,cg00598261,cg00608467,cg00637687,cg00639286,cg00649827,cg00668227,cg00671225,cg00687252,cg00704288,cg00704909,cg00713294,cg00718440,cg00734800,cg00742472,cg00748373,cg00751288,cg00759634,cg00761755,cg00777537,cg00777895,cg00786747,cg00789423,cg00790928,cg00794178,cg00814733,cg00823995,cg00829944,cg00830767,cg00843623,cg00873521,cg00893385,cg00903375,cg00906435,cg00909976,cg00916439,cg00922781,cg00923803,cg00935924,cg00949554,cg00960509,cg00960580,cg00987699,cg00994411,cg01025599,cg01026613,cg01035689,cg01060358,cg01083340,cg01093329,cg01117833,cg01131038,cg01135780,cg01145709,cg01149132,cg01149896,cg01153979,cg01179631,cg01185138,cg01202751,cg01216607,cg01239717,cg01244944,cg01249180,cg01297808,cg01306985,cg01310829,cg01314194,cg01320048,cg01335042,cg01338834,cg01353569,cg01358551,cg01363714,cg01365762,cg01373292,cg01373691,cg01393327,cg01405143,cg01458686,cg01460557,cg01462829,cg01467266,cg01482912,cg01487433,cg01488674,cg01505312,cg01519164,cg01524091,cg01527159,cg01531665,cg01546046,cg01554453,cg01566127,cg01582807,cg01588546,cg01613965,cg01638175,cg01645753,cg01663225,cg01719123,cg01726103,cg01755728,cg01759562,cg01768179,cg01773951,cg01777630,cg01779076,cg01789478,cg01796104,cg01807919,cg01814186,cg01823956,cg01861096,cg01906015,cg01909487,cg01923740,cg01932076,cg01936090,cg01939479,cg01939664,cg01945391,cg01959412,cg01999086,cg02002494,cg02015876,cg02047359,cg02048674,cg02051077,cg02053340,cg02056921,cg02096656,cg02121330,cg02151625,cg02157667,cg02172824,cg02181963,cg02199589,cg02201215,cg02239805,cg02243437,cg02248325,cg02257675,cg02261604,cg02268424,cg02269221,cg02269272,cg02283485,cg02291403,cg02308112,cg02323694,cg02327123,cg02334926,cg02337499,cg02339297,cg02350644,cg02374837,cg02385840,cg02386183,cg02396143,cg02399652,cg02405530,cg02426912,cg02429398,cg02445447,cg02446681,cg02453779,cg02473395,cg02484047,cg02493614,cg02510736,cg02521102,cg02537106,cg02542103,cg02558424,cg02569759,cg02578312,cg02590295,cg02596190,cg02602480,cg02620228,cg02621020,cg02631680,cg02642298,cg02646394,cg02661258,cg02661426,cg02668708,cg02671671,cg02683363,cg02697074,cg02707669,cg02709717,cg02716799,cg02717570,cg02723904,cg02727104,cg02736602,cg02763798,cg02773019,cg02788401,cg02792602,cg02836487,cg02862354,cg02863073,cg02870950,cg02878439,cg02896705,cg02898122,cg02916409,cg02925229,cg02929209,cg02936451,cg02938524,cg02964396,cg02976543,cg02994645,cg02996314,cg03004280,cg03015433,cg03031933,cg03041860,cg03044510,cg03053597,cg03061024,cg03067068,cg03069383,cg03072621,cg03108496,cg03118206,cg03121168,cg03144560,cg03174294,cg03175653,cg03183872,cg03184439,cg03186339,cg03214080,cg03222971,cg03230579,cg03239591,cg03259243,cg03262242,cg03276167,cg03301282,cg03309721,cg03325014,cg03330867,cg03352657,cg03373091,cg03383661,cg03394401,cg03415695,cg03420286,cg03426840,cg03433712,cg03462171,cg03468541,cg03489495,cg03508908,cg03533382,cg03542721,cg03575764,cg03576787,cg03591798,cg03592197,cg03598754,cg03599547,cg03609269,cg03612039,cg03614734,cg03623155,cg03628186,cg03634887,cg03638905,cg03646922,cg03648679,cg03650154,cg03668558,cg03674076,cg03689054,cg03696599,cg03700121,cg03705947,cg03720887,cg03729853,cg03746482,cg03747177,cg03750606,cg03761477,cg03765692,cg03771185,cg03809994,cg03820205,cg03820828,cg03829216,cg03858673,cg03891330,cg03919779,cg03921416,cg03940157,cg03967192,cg03968699,cg03973167,cg03982544,cg03983647,cg04004830,cg04015759,cg04020984,cg04027074,cg04033706,cg04053862,cg04061197,cg04071446,cg04072768,cg04100724,cg04104609,cg04111177,cg04121495,cg04125208,cg04128307,cg04131734,cg04132452,cg04188862,cg04202802,cg04215179,cg04232674,cg04237075,cg04240267,cg04260924,cg04265407,cg04266779,cg04266864,cg04285493,cg04298626,cg04311227,cg04314525,cg04317977,cg04324758,cg04328477,cg04331511,cg04333213,cg04337412,cg04344565,cg04358923,cg04364540,cg04366385,cg04373587,cg04386144,cg04413644,cg04421424,cg04426007,cg04428535,cg04431387,cg04434568,cg04437590,cg04470905,cg04484579,cg04498032,cg04515913,cg04531254,cg04534813,cg04539241,cg04547205,cg04559178,cg04565464,cg04568613,cg04584833,cg04617570,cg04627240,cg04657325,cg04677326,cg04686114,cg04691540,cg04714638,cg04738309,cg04750593,cg04759767,cg04780909,cg04791747,cg04803843,cg04810377,cg04825775,cg04856096,cg04869206,cg04876451,cg04886703,cg04900785,cg04913443,cg04914305,cg04920270,cg04925824,cg04939294,cg04947578,cg04948627,cg04959815,cg04971418,cg04986276,cg05000748,cg05001908,cg05002041,cg05006231,cg05011232,cg05020775,cg05020822,cg05024413,cg05040544,cg05041145,cg05095774,cg05100916,cg05122605,cg05128992,cg05135213,cg05157171,cg05171367,cg05231098,cg05241025,cg05257479,cg05270119,cg05281338,cg05315865,cg05336115,cg05349062,cg05350358,cg05360402,cg05406635,cg05422897,cg05449217,cg05461259,cg05468351,cg05479582,cg05484920,cg05494465,cg05534678,cg05577902,cg05592035,cg05592363,cg05616754,cg05621343,cg05622441,cg05637536,cg05637795,cg05640069,cg05663122,cg05669285,cg05702448,cg05704155,cg05712403,cg05727959,cg05733026,cg05736236,cg05752819,cg05756109,cg05782078,cg05783854,cg05787931,cg05796321,cg05808815,cg05849857,cg05861071,cg05874478,cg05878337,cg05900347,cg05913197,cg05920090,cg05923184,cg05924191,cg05930162,cg05931265,cg05931684,cg05952120,cg05954989,cg05955675,cg05959525,cg06007320,cg06025835,cg06045225,cg06056004,cg06058923,cg06059332,cg06073094,cg06074314,cg06110578,cg06112779,cg06137672,cg06138422,cg06157335,cg06169648,cg06200777,cg06220161,cg06226283,cg06310844,cg06380355,cg06385874,cg06391107,cg06419771,cg06427502,cg06438404,cg06443863,cg06456512,cg06468476,cg06476093,cg06496078,cg06500355,cg06524479,cg06534285,cg06542686,cg06550102,cg06577251,cg06585708,cg06598631,cg06604058,cg06621373,cg06626599,cg06631310,cg06634950,cg06636685,cg06639788,cg06652315,cg06652850,cg06665941,cg06679003,cg06686029,cg06690633,cg06700871,cg06703332,cg06710900,cg06717492,cg06723301,cg06728098,cg06728674,cg06731730,cg06736685,cg06745235,cg06745957,cg06748231,cg06753227,cg06777853,cg06790019,cg06793581,cg06794263,cg06796825,cg06800444,cg06807989,cg06815976,cg06836181,cg06848185,cg06852575,cg06858186,cg06864005,cg06866657,cg06896619,cg06901526,cg06911519,cg06919790,cg06927324,cg06928838,cg06957130,cg06966660,cg06973234,cg06979550,cg06983551,cg07000551,cg07010359,cg07021777,cg07023327,cg07051329,cg07061579,cg07087156,cg07089783,cg07093111,cg07094915,cg07101354,cg07113322,cg07122172,cg07135797,cg07146119,cg07156929,cg07160044,cg07181902,cg07197864,cg07220085,cg07226679,cg07255356,cg07269724,cg07277818,cg07306881,cg07318453,cg07333905,cg07339229,cg07344583,cg07352798,cg07354253,cg07355551,cg07370646,cg07375367,cg07387199,cg07399355,cg07417284,cg07423602,cg07436753,cg07439409,cg07458698,cg07458712,cg07461160,cg07466433,cg07472772,cg07483523,cg07489134,cg07513383,cg07519721,cg07519873,cg07520141,cg07535605,cg07538946,cg07562458,cg07562483,cg07571970,cg07580707,cg07589166,cg07598522,cg07630649,cg07645461,cg07697662,cg07702548,cg07742134,cg07753245,cg07817097,cg07818830,cg07865517,cg07882184,cg07882382,cg07913310,cg07923305,cg07923459,cg07926482,cg07927839,cg07940793,cg07956936,cg07958926,cg07963361,cg07972541,cg08005943,cg08009993,cg08039701,cg08072980,cg08097417,cg08125682,cg08158076,cg08158524,cg08169394,cg08185661,cg08192350,cg08209163,cg08274589,cg08324115,cg08326301,cg08334153,cg08336300,cg08348387,cg08354699,cg08370718,cg08387285,cg08390021,cg08399230,cg08411512,cg08427928,cg08440521,cg08444731,cg08464824,cg08472559,cg08492707,cg08510077,cg08532834,cg08555460,cg08577341,cg08577517,cg08577743,cg08599294,cg08610201,cg08612601,cg08653403,cg08659621,cg08667777,cg08701515,cg08755283,cg08763126,cg08763433,cg08787268,cg08817168,cg08857201,cg08866402,cg08872741,cg08876479,cg08876591,cg08882650,cg08883955	E080	2.11e-11
3.689	8.80e-06	E081 Fetal Brain Male	Fetal Brain	H3K4me3	E081-H3K4me3.broadPeak.gz	cg00024722,cg00026230,cg00040423,cg00077299,cg00102920,cg00147578,cg00226754,cg00231920,cg00252696,cg00260647,cg00271154,cg00280548,cg00292435,cg00306421,cg00319567,cg00355633,cg00389341,cg00393376,cg00399650,cg00402069,cg00419759,cg00459447,cg00472801,cg00476986,cg00498603,cg00502932,cg00529946,cg00538370,cg00544734,cg00547077,cg00572487,cg00598261,cg00599266,cg00629514,cg00637687,cg00639286,cg00704288,cg00704909,cg00713294,cg00718440,cg00734800,cg00742472,cg00751288,cg00761755,cg00777537,cg00777895,cg00789423,cg00814733,cg00823995,cg00829944,cg00830767,cg00843623,cg00873521,cg00893385,cg00903375,cg00906435,cg00909976,cg00916439,cg00923803,cg00935924,cg00960580,cg00994411,cg01025599,cg01026613,cg01035689,cg01060358,cg01083340,cg01093329,cg01117833,cg01135780,cg01145709,cg01149896,cg01153979,cg01185138,cg01239717,cg01262133,cg01306985,cg01314194,cg01335042,cg01353569,cg01358551,cg01393327,cg01405143,cg01458686,cg01460557,cg01462829,cg01482912,cg01488674,cg01519164,cg01524091,cg01527159,cg01531665,cg01546046,cg01582807,cg01613965,cg01638175,cg01663225,cg01726103,cg01759562,cg01768179,cg01773951,cg01777630,cg01814186,cg01816191,cg01906015,cg01923740,cg01936090,cg01939479,cg01945391,cg01999086,cg02002494,cg02047359,cg02048674,cg02096656,cg02172824,cg02181963,cg02199589,cg02239805,cg02248325,cg02257675,cg02261604,cg02268424,cg02269221,cg02269272,cg02297747,cg02308112,cg02323694,cg02334926,cg02337499,cg02339297,cg02374837,cg02386183,cg02399652,cg02405530,cg02426912,cg02453779,cg02473395,cg02484047,cg02493614,cg02521102,cg02537106,cg02558424,cg02569759,cg02578312,cg02620228,cg02631680,cg02642298,cg02646394,cg02661258,cg02661426,cg02683363,cg02697074,cg02707669,cg02716799,cg02717570,cg02723904,cg02763798,cg02859866,cg02878439,cg02898122,cg02925229,cg02929209,cg02938524,cg02994645,cg03004280,cg03015433,cg03044510,cg03053597,cg03061024,cg03067068,cg03069383,cg03108496,cg03121168,cg03144560,cg03183872,cg03184439,cg03222971,cg03230579,cg03239591,cg03259243,cg03262242,cg03276167,cg03301282,cg03309721,cg03330867,cg03352657,cg03353863,cg03373091,cg03383661,cg03394401,cg03415695,cg03433712,cg03468541,cg03508908,cg03533382,cg03542721,cg03591798,cg03592197,cg03609269,cg03612039,cg03614734,cg03628186,cg03634887,cg03637815,cg03646922,cg03648679,cg03650154,cg03674076,cg03696599,cg03700121,cg03705947,cg03720887,cg03747177,cg03750606,cg03765692,cg03919779,cg03921416,cg03968699,cg03973167,cg03983647,cg04004632,cg04015759,cg04020984,cg04027074,cg04033706,cg04047221,cg04061197,cg04071446,cg04100724,cg04104609,cg04121495,cg04125208,cg04128307,cg04131734,cg04132452,cg04173992,cg04188862,cg04215179,cg04232674,cg04237075,cg04260924,cg04266779,cg04285493,cg04298626,cg04311227,cg04314525,cg04317977,cg04337412,cg04364540,cg04366385,cg04373587,cg04421424,cg04426007,cg04428535,cg04431387,cg04434568,cg04437590,cg04498032,cg04531254,cg04534813,cg04539241,cg04559178,cg04568613,cg04617570,cg04657325,cg04686114,cg04691540,cg04738309,cg04750593,cg04764907,cg04856096,cg04869206,cg04876451,cg04900785,cg04914305,cg04920270,cg04925824,cg04939294,cg04947578,cg04948627,cg04971418,cg05001908,cg05002041,cg05020822,cg05024413,cg05095774,cg05100916,cg05122605,cg05171367,cg05231098,cg05241025,cg05257479,cg05270119,cg05281338,cg05315865,cg05350358,cg05360402,cg05422897,cg05449217,cg05461259,cg05479582,cg05494465,cg05534678,cg05592363,cg05616754,cg05637795,cg05640069,cg05669285,cg05702448,cg05704155,cg05712403,cg05727959,cg05733026,cg05736236,cg05756109,cg05782078,cg05808815,cg05861071,cg05874478,cg05878337,cg05900347,cg05913197,cg05920090,cg05923184,cg05924191,cg05930162,cg05931265,cg05954989,cg05955675,cg06007320,cg06045225,cg06056004,cg06073094,cg06074314,cg06137672,cg06157335,cg06200777,cg06220161,cg06226283,cg06310844,cg06391107,cg06419771,cg06427502,cg06438404,cg06443863,cg06456512,cg06496078,cg06500355,cg06542686,cg06550102,cg06598631,cg06604058,cg06639788,cg06652315,cg06652850,cg06665941,cg06679003,cg06690633,cg06700871,cg06703332,cg06723301,cg06728098,cg06728674,cg06731730,cg06736685,cg06745235,cg06745957,cg06766659,cg06777853,cg06790019,cg06794263,cg06796825,cg06807989,cg06815976,cg06836181,cg06852575,cg06858186,cg06864005,cg06896619,cg06901526,cg06927324,cg06973234,cg06979550,cg06983551,cg07000551,cg07021777,cg07023327,cg07051329,cg07087156,cg07089783,cg07093111,cg07101354,cg07122172,cg07135797,cg07146119,cg07156929,cg07160044,cg07197864,cg07220085,cg07226679,cg07306881,cg07318453,cg07324633,cg07333905,cg07354253,cg07355551,cg07387199,cg07417284,cg07436753,cg07439409,cg07458698,cg07461160,cg07489134,cg07513383,cg07519721,cg07535605,cg07562458,cg07562483,cg07580707,cg07598522,cg07630649,cg07697662,cg07702548,cg07742134,cg07753245,cg07817097,cg07818830,cg07865517,cg07882184,cg07882382,cg07913310,cg07923305,cg07923459,cg07956936,cg07958926,cg07963361,cg08005943,cg08009993,cg08035872,cg08039701,cg08158524,cg08209163,cg08274589,cg08326301,cg08334153,cg08336300,cg08348387,cg08370718,cg08390021,cg08411512,cg08427928,cg08440521,cg08444731,cg08464824,cg08492707,cg08532834,cg08555460,cg08577341,cg08577517,cg08612601,cg08653403,cg08659621,cg08667777,cg08701515,cg08751265,cg08755283,cg08763126,cg08857201,cg08866402,cg08876479,cg08876591,cg08883955	E081	4.29e-05
4.558	2.24e-13	E082 Fetal Brain Female	Fetal Brain	H3K4me3	E082-H3K4me3.broadPeak.gz	cg00021237,cg00024722,cg00026230,cg00026974,cg00040423,cg00077299,cg00097536,cg00102920,cg00123055,cg00147578,cg00167275,cg00226754,cg00231920,cg00252696,cg00260647,cg00271154,cg00280548,cg00280814,cg00292435,cg00306421,cg00319567,cg00355633,cg00389341,cg00393376,cg00399650,cg00402069,cg00419759,cg00437985,cg00441754,cg00448143,cg00455883,cg00459447,cg00472801,cg00476986,cg00498603,cg00502932,cg00503302,cg00529946,cg00538370,cg00544734,cg00547077,cg00572487,cg00574907,cg00598261,cg00599702,cg00608467,cg00637687,cg00639286,cg00649827,cg00668227,cg00671225,cg00687252,cg00704288,cg00704909,cg00713294,cg00718440,cg00734800,cg00742472,cg00748373,cg00751288,cg00759634,cg00761755,cg00777537,cg00777895,cg00789423,cg00790928,cg00794178,cg00814733,cg00823995,cg00829944,cg00830767,cg00843623,cg00873521,cg00893385,cg00903375,cg00906435,cg00909976,cg00916439,cg00922697,cg00922781,cg00923803,cg00935924,cg00949554,cg00960509,cg00960580,cg00987699,cg00994411,cg01025599,cg01026613,cg01035689,cg01060358,cg01083340,cg01093329,cg01117833,cg01131038,cg01135780,cg01145709,cg01149132,cg01149896,cg01153979,cg01179631,cg01185138,cg01202751,cg01216607,cg01239717,cg01244944,cg01249180,cg01261351,cg01262133,cg01297808,cg01306985,cg01310829,cg01314194,cg01320048,cg01335042,cg01338834,cg01353569,cg01358551,cg01363714,cg01365762,cg01373292,cg01373691,cg01393327,cg01405143,cg01458686,cg01460557,cg01462829,cg01482912,cg01487433,cg01488674,cg01519164,cg01524091,cg01527159,cg01531665,cg01546046,cg01554453,cg01566127,cg01582807,cg01588546,cg01600222,cg01613965,cg01638175,cg01645753,cg01663225,cg01719123,cg01726103,cg01755728,cg01768179,cg01773951,cg01777630,cg01779076,cg01789478,cg01796104,cg01807919,cg01814186,cg01819787,cg01823956,cg01861096,cg01906015,cg01909487,cg01923740,cg01932076,cg01936090,cg01939479,cg01939664,cg01945391,cg01959412,cg01999086,cg02002494,cg02015876,cg02047359,cg02048674,cg02051077,cg02053340,cg02096656,cg02120584,cg02121330,cg02151625,cg02157667,cg02172824,cg02181963,cg02199589,cg02201215,cg02239805,cg02243437,cg02248325,cg02257675,cg02261604,cg02268424,cg02269221,cg02269272,cg02283485,cg02291403,cg02297747,cg02308112,cg02323694,cg02327123,cg02334926,cg02337499,cg02339297,cg02350644,cg02374837,cg02385840,cg02386183,cg02396143,cg02399652,cg02405530,cg02426912,cg02429398,cg02445447,cg02446681,cg02453779,cg02473395,cg02484047,cg02493614,cg02510736,cg02521102,cg02537106,cg02542103,cg02558424,cg02569759,cg02578312,cg02590295,cg02596190,cg02602480,cg02620228,cg02621020,cg02631680,cg02632809,cg02642298,cg02646394,cg02661258,cg02661426,cg02668708,cg02671671,cg02683363,cg02697074,cg02707669,cg02709717,cg02716799,cg02717570,cg02723904,cg02727104,cg02736602,cg02763798,cg02773019,cg02788401,cg02836487,cg02862354,cg02870950,cg02896705,cg02898122,cg02916409,cg02925229,cg02929209,cg02936451,cg02938524,cg02964396,cg02976543,cg02994645,cg02996314,cg03004280,cg03015433,cg03031933,cg03041860,cg03044510,cg03053597,cg03061024,cg03067068,cg03069383,cg03072621,cg03108496,cg03118206,cg03121168,cg03128332,cg03144560,cg03160466,cg03174294,cg03175653,cg03183872,cg03184439,cg03186339,cg03214080,cg03220945,cg03222971,cg03230579,cg03239591,cg03259243,cg03262242,cg03276167,cg03301282,cg03309721,cg03330867,cg03352657,cg03373091,cg03383661,cg03394401,cg03415695,cg03420286,cg03426840,cg03433712,cg03462171,cg03468541,cg03489495,cg03508908,cg03533382,cg03542721,cg03575764,cg03576787,cg03591798,cg03592197,cg03598754,cg03599547,cg03609269,cg03612039,cg03614734,cg03623155,cg03628186,cg03634887,cg03637815,cg03646922,cg03648679,cg03650154,cg03668558,cg03674076,cg03689054,cg03696599,cg03700121,cg03705947,cg03720887,cg03729853,cg03746482,cg03747177,cg03750606,cg03761477,cg03765692,cg03771185,cg03809994,cg03820205,cg03820828,cg03829216,cg03876032,cg03891330,cg03919779,cg03921416,cg03940157,cg03967192,cg03968699,cg03973167,cg03982544,cg03983647,cg04004632,cg04015759,cg04020984,cg04027074,cg04033706,cg04047221,cg04053862,cg04061197,cg04063589,cg04071446,cg04072768,cg04100724,cg04104609,cg04111177,cg04121495,cg04125208,cg04128307,cg04131734,cg04132452,cg04188862,cg04202802,cg04215179,cg04232674,cg04237075,cg04240267,cg04260924,cg04265407,cg04266779,cg04266864,cg04285493,cg04298626,cg04311227,cg04314525,cg04317977,cg04324758,cg04328477,cg04333213,cg04337412,cg04344565,cg04358923,cg04364540,cg04366385,cg04373587,cg04386144,cg04413644,cg04421424,cg04426007,cg04428535,cg04431387,cg04434568,cg04437590,cg04470905,cg04484579,cg04498032,cg04515913,cg04531254,cg04534813,cg04539241,cg04547205,cg04559178,cg04565464,cg04568613,cg04584833,cg04617570,cg04627240,cg04652621,cg04656042,cg04677326,cg04686114,cg04691540,cg04731120,cg04738309,cg04750593,cg04759767,cg04764907,cg04780909,cg04791747,cg04803843,cg04810377,cg04825775,cg04856096,cg04869206,cg04876451,cg04886703,cg04900785,cg04913443,cg04914305,cg04920270,cg04925824,cg04930469,cg04939294,cg04947578,cg04948627,cg04959815,cg04971418,cg05000748,cg05001908,cg05002041,cg05006231,cg05011232,cg05020775,cg05020822,cg05024413,cg05040544,cg05041145,cg05095774,cg05100916,cg05122605,cg05128992,cg05135213,cg05157171,cg05171367,cg05231098,cg05241025,cg05257479,cg05262436,cg05270119,cg05281338,cg05315865,cg05336115,cg05349062,cg05350358,cg05360402,cg05406635,cg05422897,cg05449217,cg05461259,cg05468351,cg05479582,cg05484920,cg05494465,cg05534678,cg05577902,cg05592363,cg05609414,cg05616754,cg05621343,cg05622441,cg05637536,cg05637795,cg05640069,cg05663122,cg05669285,cg05702448,cg05704155,cg05712403,cg05727959,cg05733026,cg05736236,cg05752819,cg05756109,cg05782078,cg05783854,cg05786840,cg05787931,cg05796321,cg05808815,cg05849857,cg05861071,cg05874478,cg05878337,cg05900347,cg05913197,cg05920090,cg05923184,cg05924191,cg05930162,cg05931265,cg05931684,cg05952120,cg05954989,cg05955675,cg05959525,cg06007320,cg06025835,cg06045225,cg06056004,cg06058923,cg06073094,cg06074314,cg06082228,cg06110578,cg06112779,cg06137672,cg06138422,cg06157335,cg06169648,cg06200777,cg06220161,cg06226283,cg06310844,cg06380355,cg06385874,cg06391107,cg06419771,cg06427502,cg06438404,cg06443863,cg06456512,cg06468476,cg06476093,cg06496078,cg06500355,cg06524479,cg06534285,cg06542686,cg06542865,cg06550102,cg06577251,cg06585708,cg06598631,cg06604058,cg06621373,cg06626599,cg06634950,cg06636685,cg06639788,cg06652315,cg06652850,cg06665941,cg06679003,cg06686029,cg06690633,cg06700871,cg06703332,cg06710900,cg06717492,cg06723301,cg06728098,cg06728674,cg06731730,cg06736685,cg06745235,cg06745957,cg06748231,cg06753227,cg06766659,cg06777853,cg06790019,cg06793581,cg06794263,cg06796825,cg06800444,cg06807989,cg06815976,cg06826278,cg06836181,cg06848185,cg06852575,cg06858186,cg06864005,cg06866657,cg06896619,cg06901526,cg06911519,cg06919790,cg06927324,cg06928838,cg06957130,cg06966660,cg06973234,cg06979550,cg06983551,cg07000551,cg07010359,cg07021777,cg07023327,cg07051329,cg07061579,cg07087156,cg07089783,cg07093111,cg07094915,cg07101354,cg07113322,cg07122172,cg07135797,cg07146119,cg07156929,cg07160044,cg07181902,cg07197864,cg07220085,cg07226679,cg07255356,cg07269724,cg07277818,cg07306881,cg07318453,cg07333905,cg07344583,cg07352798,cg07354253,cg07355551,cg07355693,cg07370646,cg07375367,cg07387199,cg07399355,cg07417284,cg07423602,cg07436753,cg07439409,cg07458698,cg07458712,cg07461160,cg07466433,cg07472772,cg07483523,cg07489134,cg07513383,cg07519721,cg07519873,cg07520141,cg07535605,cg07538946,cg07558287,cg07562458,cg07562483,cg07570055,cg07571970,cg07580707,cg07589166,cg07598522,cg07630649,cg07645461,cg07697662,cg07702548,cg07742134,cg07753245,cg07817097,cg07818830,cg07865517,cg07882184,cg07882382,cg07913310,cg07923305,cg07923459,cg07926482,cg07927839,cg07940793,cg07956936,cg07958926,cg07963361,cg07972541,cg07982935,cg08005943,cg08009993,cg08039701,cg08097417,cg08125682,cg08158076,cg08158524,cg08169394,cg08185661,cg08192350,cg08209163,cg08272731,cg08274589,cg08324115,cg08326301,cg08334153,cg08336300,cg08348387,cg08354699,cg08370718,cg08387285,cg08390021,cg08399230,cg08411512,cg08427928,cg08440521,cg08444731,cg08450752,cg08464824,cg08472559,cg08492707,cg08510077,cg08532834,cg08555460,cg08577341,cg08577517,cg08577743,cg08599294,cg08610201,cg08612601,cg08653403,cg08659621,cg08667777,cg08701515,cg08751265,cg08755283,cg08763126,cg08763433,cg08787268,cg08817168,cg08857201,cg08866402,cg08872741,cg08876479,cg08876591,cg08882650,cg08883955	E082	1.86e-12
4.170	2.35e-10	E083 Fetal Heart	Fetal Heart	H3K4me3	E083-H3K4me3.broadPeak.gz	cg00021237,cg00024722,cg00026230,cg00026974,cg00040423,cg00077299,cg00097536,cg00102920,cg00147578,cg00167275,cg00226754,cg00231920,cg00252696,cg00260647,cg00271154,cg00280548,cg00292435,cg00306421,cg00319567,cg00355633,cg00389341,cg00393376,cg00399650,cg00402069,cg00419759,cg00437985,cg00441754,cg00448143,cg00455883,cg00459447,cg00472801,cg00476986,cg00498603,cg00502932,cg00503302,cg00529946,cg00538370,cg00544734,cg00547077,cg00572487,cg00598261,cg00599266,cg00608467,cg00629514,cg00639286,cg00649827,cg00668227,cg00671225,cg00687252,cg00704288,cg00704909,cg00713294,cg00718440,cg00734800,cg00742472,cg00748373,cg00751288,cg00759634,cg00761755,cg00777537,cg00777895,cg00789423,cg00790928,cg00794178,cg00814733,cg00823995,cg00829944,cg00830767,cg00843623,cg00873521,cg00893385,cg00903375,cg00906435,cg00909976,cg00916439,cg00923803,cg00935924,cg00960509,cg00960580,cg00987699,cg00994389,cg00994411,cg01025599,cg01026613,cg01035689,cg01060358,cg01083340,cg01093329,cg01117833,cg01131038,cg01135780,cg01145709,cg01149132,cg01149896,cg01153979,cg01158415,cg01179631,cg01185138,cg01202751,cg01216607,cg01239717,cg01244944,cg01249180,cg01261351,cg01297808,cg01306985,cg01310829,cg01314194,cg01320048,cg01335042,cg01338834,cg01353569,cg01358551,cg01365762,cg01373691,cg01393327,cg01405143,cg01458686,cg01460557,cg01462829,cg01482912,cg01487433,cg01488674,cg01519164,cg01524091,cg01527159,cg01531665,cg01546046,cg01554453,cg01566127,cg01582807,cg01588546,cg01613965,cg01638175,cg01638235,cg01663225,cg01684233,cg01726103,cg01755728,cg01759562,cg01768179,cg01773951,cg01777630,cg01779076,cg01796104,cg01807919,cg01814186,cg01816191,cg01823956,cg01861096,cg01906015,cg01909487,cg01923740,cg01936090,cg01939479,cg01945391,cg01959412,cg01999086,cg02002494,cg02015876,cg02047359,cg02048674,cg02051077,cg02051553,cg02053340,cg02096656,cg02121330,cg02151625,cg02172824,cg02181963,cg02199589,cg02239805,cg02243437,cg02248325,cg02257675,cg02261604,cg02268424,cg02269221,cg02269272,cg02269636,cg02283485,cg02308112,cg02323694,cg02334926,cg02337499,cg02339297,cg02350644,cg02374837,cg02385840,cg02386183,cg02396143,cg02399652,cg02405530,cg02411582,cg02426912,cg02429398,cg02445447,cg02446681,cg02453779,cg02473395,cg02484047,cg02493614,cg02521102,cg02537106,cg02542103,cg02569759,cg02578312,cg02590295,cg02596190,cg02602480,cg02620228,cg02621020,cg02631680,cg02642298,cg02646394,cg02650266,cg02661258,cg02661426,cg02668708,cg02683363,cg02697074,cg02707669,cg02709717,cg02716799,cg02717570,cg02723904,cg02727104,cg02736602,cg02763798,cg02773019,cg02788401,cg02792602,cg02862354,cg02870950,cg02878439,cg02898122,cg02916409,cg02925229,cg02929209,cg02936451,cg02938524,cg02964396,cg02976543,cg02994645,cg02996314,cg03004280,cg03015433,cg03031933,cg03041860,cg03044510,cg03053597,cg03061024,cg03067068,cg03069383,cg03108496,cg03118206,cg03121168,cg03128332,cg03144560,cg03183872,cg03184439,cg03186339,cg03214080,cg03222971,cg03230579,cg03239591,cg03259243,cg03262242,cg03276167,cg03301282,cg03309721,cg03330867,cg03352657,cg03353863,cg03373091,cg03383661,cg03415695,cg03426840,cg03433712,cg03442378,cg03468541,cg03508908,cg03533382,cg03542721,cg03555487,cg03576787,cg03591798,cg03592197,cg03598754,cg03599547,cg03609269,cg03612039,cg03614734,cg03628186,cg03634887,cg03646922,cg03648679,cg03650154,cg03674076,cg03696599,cg03700121,cg03705947,cg03720887,cg03729853,cg03746482,cg03747177,cg03750606,cg03761477,cg03765692,cg03771185,cg03808043,cg03809994,cg03820205,cg03858673,cg03891268,cg03891330,cg03919779,cg03921416,cg03968699,cg03973167,cg03982544,cg03983647,cg04004632,cg04004830,cg04020984,cg04027074,cg04033706,cg04053862,cg04061197,cg04063589,cg04071446,cg04100724,cg04104609,cg04111177,cg04121495,cg04125208,cg04128307,cg04131734,cg04132452,cg04202802,cg04215179,cg04232674,cg04237075,cg04240267,cg04260924,cg04265407,cg04266779,cg04266864,cg04285493,cg04298626,cg04311227,cg04314525,cg04317977,cg04324758,cg04328477,cg04331511,cg04333213,cg04337412,cg04349117,cg04358923,cg04364540,cg04366385,cg04373587,cg04386144,cg04413644,cg04421424,cg04426007,cg04428535,cg04431387,cg04434568,cg04437590,cg04484579,cg04498032,cg04515913,cg04531254,cg04534813,cg04539241,cg04547205,cg04559178,cg04565464,cg04568613,cg04584833,cg04617570,cg04627240,cg04652621,cg04677326,cg04686114,cg04691540,cg04738309,cg04750593,cg04759767,cg04764907,cg04791747,cg04803843,cg04810377,cg04825775,cg04856096,cg04869206,cg04876451,cg04886703,cg04900785,cg04920270,cg04925824,cg04930469,cg04939294,cg04947578,cg04948627,cg04959815,cg04971418,cg05002041,cg05020775,cg05020822,cg05024413,cg05040544,cg05095774,cg05100916,cg05122605,cg05128992,cg05135213,cg05157171,cg05171367,cg05231098,cg05241025,cg05257479,cg05270119,cg05281338,cg05315865,cg05350358,cg05360402,cg05406635,cg05422897,cg05449217,cg05461259,cg05484920,cg05494465,cg05534678,cg05577902,cg05592363,cg05609414,cg05616754,cg05621343,cg05622441,cg05637795,cg05640069,cg05663122,cg05669285,cg05699123,cg05702448,cg05704155,cg05712403,cg05727959,cg05733026,cg05736236,cg05752819,cg05756109,cg05782078,cg05783854,cg05786840,cg05787931,cg05796321,cg05808815,cg05849857,cg05861071,cg05874478,cg05878337,cg05913197,cg05920090,cg05923184,cg05924191,cg05930162,cg05931265,cg05931684,cg05954989,cg05955675,cg05959525,cg06007320,cg06025835,cg06045225,cg06056004,cg06058923,cg06073094,cg06074314,cg06110578,cg06112779,cg06137672,cg06138195,cg06138422,cg06157335,cg06169648,cg06200777,cg06220161,cg06226283,cg06290265,cg06310844,cg06379478,cg06380355,cg06391107,cg06419771,cg06421526,cg06427502,cg06438404,cg06443863,cg06456512,cg06468476,cg06476093,cg06496078,cg06496222,cg06500355,cg06524479,cg06534285,cg06542686,cg06550102,cg06577251,cg06585708,cg06598631,cg06604058,cg06626599,cg06631310,cg06634950,cg06636685,cg06639788,cg06652315,cg06652850,cg06665941,cg06678902,cg06679003,cg06686029,cg06690633,cg06700871,cg06703332,cg06710900,cg06717492,cg06723301,cg06728098,cg06728674,cg06731730,cg06736685,cg06745235,cg06745957,cg06753227,cg06777853,cg06790019,cg06794263,cg06796825,cg06800444,cg06807989,cg06815976,cg06836181,cg06848185,cg06852575,cg06858186,cg06896619,cg06901526,cg06911519,cg06927324,cg06928838,cg06973234,cg06979550,cg06983551,cg07000551,cg07010359,cg07021777,cg07023327,cg07061579,cg07087156,cg07089783,cg07093111,cg07101354,cg07113322,cg07135797,cg07146119,cg07156929,cg07160044,cg07181902,cg07197864,cg07220085,cg07226679,cg07255356,cg07269724,cg07277818,cg07306881,cg07318453,cg07324633,cg07333905,cg07339229,cg07344583,cg07352798,cg07354253,cg07355551,cg07375367,cg07387199,cg07399355,cg07423602,cg07436753,cg07439409,cg07458698,cg07466433,cg07472772,cg07483523,cg07489134,cg07513383,cg07519721,cg07520141,cg07535605,cg07538946,cg07562458,cg07562483,cg07571970,cg07580707,cg07589166,cg07598522,cg07630649,cg07645461,cg07697662,cg07702548,cg07742134,cg07750813,cg07753245,cg07785225,cg07817097,cg07818830,cg07865517,cg07882184,cg07882382,cg07913310,cg07923305,cg07923459,cg07927839,cg07940793,cg07956936,cg07958926,cg07963361,cg07972541,cg07982935,cg08005943,cg08009993,cg08035872,cg08039701,cg08097417,cg08125682,cg08158076,cg08158524,cg08169394,cg08185661,cg08192350,cg08209163,cg08274589,cg08326301,cg08334153,cg08336300,cg08348387,cg08354699,cg08370718,cg08387285,cg08390021,cg08399230,cg08411512,cg08427928,cg08440521,cg08444731,cg08464824,cg08472559,cg08492707,cg08510077,cg08555460,cg08577341,cg08577517,cg08577743,cg08599294,cg08610201,cg08612601,cg08653403,cg08659621,cg08663007,cg08667777,cg08701515,cg08755283,cg08763126,cg08763433,cg08787268,cg08817168,cg08857201,cg08866402,cg08876479,cg08876591,cg08882650,cg08883955	E083	1.50e-09
4.793	5.46e-14	E084 Fetal Intestine Large	Fetal Intestine Large	H3K4me3	E084-H3K4me3.broadPeak.gz	cg00021237,cg00024722,cg00026230,cg00026974,cg00040423,cg00077299,cg00097536,cg00102920,cg00123055,cg00147578,cg00167275,cg00226754,cg00231920,cg00252696,cg00260647,cg00271154,cg00280548,cg00280814,cg00292435,cg00306421,cg00319567,cg00355633,cg00389341,cg00393376,cg00399650,cg00402069,cg00419759,cg00437985,cg00441754,cg00448143,cg00455883,cg00459447,cg00472801,cg00476986,cg00498603,cg00502932,cg00529946,cg00538370,cg00544734,cg00547077,cg00572487,cg00574907,cg00598261,cg00608467,cg00637687,cg00639286,cg00649827,cg00668227,cg00687252,cg00704288,cg00704909,cg00713294,cg00718440,cg00734800,cg00742472,cg00748373,cg00751288,cg00759634,cg00761755,cg00777537,cg00777895,cg00786747,cg00789423,cg00790928,cg00794178,cg00814733,cg00823995,cg00829944,cg00830767,cg00843623,cg00873521,cg00893385,cg00903375,cg00906435,cg00909976,cg00916439,cg00922781,cg00923803,cg00935924,cg00949554,cg00960509,cg00960580,cg00987699,cg00994389,cg00994411,cg01025599,cg01026613,cg01035689,cg01060358,cg01083340,cg01093329,cg01117833,cg01135780,cg01145709,cg01149132,cg01149896,cg01153979,cg01166350,cg01179631,cg01185138,cg01202751,cg01216607,cg01239717,cg01244944,cg01249180,cg01261351,cg01297808,cg01306985,cg01310829,cg01314194,cg01320048,cg01335042,cg01338834,cg01353569,cg01358551,cg01363714,cg01365762,cg01373292,cg01373691,cg01393327,cg01405143,cg01458686,cg01460557,cg01462829,cg01467266,cg01482912,cg01487433,cg01488674,cg01519164,cg01524091,cg01527159,cg01531665,cg01546046,cg01554453,cg01566127,cg01582807,cg01588546,cg01613965,cg01638175,cg01645753,cg01663225,cg01719123,cg01726103,cg01755728,cg01768179,cg01773951,cg01777630,cg01779076,cg01789478,cg01796104,cg01807919,cg01814186,cg01816191,cg01819787,cg01823956,cg01861096,cg01906015,cg01909487,cg01923740,cg01932076,cg01936090,cg01939479,cg01939664,cg01945391,cg01959412,cg01999086,cg02002494,cg02015876,cg02047359,cg02048674,cg02051077,cg02053340,cg02056921,cg02096656,cg02121330,cg02151625,cg02157667,cg02172824,cg02181963,cg02199589,cg02201215,cg02239805,cg02243437,cg02248325,cg02257675,cg02261604,cg02268424,cg02269221,cg02269272,cg02269636,cg02283485,cg02291403,cg02297747,cg02308112,cg02323694,cg02327123,cg02334926,cg02337499,cg02339297,cg02350644,cg02374837,cg02386183,cg02396143,cg02399652,cg02405530,cg02426912,cg02429398,cg02445447,cg02446681,cg02453779,cg02473395,cg02484047,cg02493614,cg02510736,cg02521102,cg02537106,cg02542103,cg02558424,cg02569759,cg02578312,cg02590295,cg02596190,cg02602480,cg02620228,cg02621020,cg02631680,cg02642298,cg02646394,cg02650266,cg02661258,cg02661426,cg02668708,cg02671671,cg02683363,cg02697074,cg02707669,cg02709717,cg02716799,cg02717570,cg02723904,cg02727104,cg02736602,cg02763798,cg02773019,cg02788401,cg02792602,cg02836487,cg02859866,cg02862354,cg02863073,cg02870950,cg02878439,cg02896705,cg02898122,cg02916409,cg02925229,cg02929209,cg02936451,cg02938524,cg02964396,cg02976543,cg02994645,cg02996314,cg03004280,cg03015433,cg03031933,cg03041860,cg03044510,cg03053597,cg03061024,cg03067068,cg03069383,cg03072621,cg03108496,cg03118206,cg03121168,cg03144560,cg03174294,cg03175653,cg03183872,cg03184439,cg03186339,cg03214080,cg03220945,cg03222971,cg03230579,cg03239591,cg03259243,cg03262242,cg03276167,cg03301282,cg03309721,cg03330867,cg03352657,cg03373091,cg03383661,cg03394401,cg03415695,cg03420286,cg03426840,cg03433712,cg03462171,cg03468541,cg03489495,cg03508908,cg03533382,cg03542721,cg03575764,cg03576787,cg03591798,cg03592197,cg03598754,cg03599547,cg03609269,cg03612039,cg03614734,cg03623155,cg03628186,cg03634887,cg03646922,cg03648679,cg03650154,cg03668558,cg03674076,cg03689054,cg03696599,cg03700121,cg03705947,cg03720887,cg03729853,cg03746482,cg03747177,cg03750606,cg03761477,cg03765692,cg03771185,cg03809994,cg03820205,cg03820828,cg03829216,cg03891330,cg03919779,cg03921416,cg03940157,cg03967192,cg03968699,cg03973167,cg03982544,cg03983647,cg04004830,cg04015759,cg04020984,cg04027074,cg04033706,cg04053862,cg04061197,cg04071446,cg04072768,cg04100724,cg04104609,cg04111177,cg04121495,cg04125208,cg04128307,cg04131734,cg04132452,cg04188862,cg04202802,cg04215179,cg04232674,cg04237075,cg04240267,cg04260924,cg04265407,cg04266779,cg04266864,cg04285493,cg04298626,cg04311227,cg04314525,cg04317977,cg04324758,cg04328477,cg04337412,cg04358923,cg04364540,cg04366385,cg04373587,cg04386144,cg04413644,cg04421424,cg04426007,cg04428535,cg04431387,cg04434568,cg04437590,cg04470905,cg04484579,cg04498032,cg04515913,cg04531254,cg04534813,cg04539241,cg04547205,cg04559178,cg04565464,cg04568613,cg04584833,cg04617570,cg04627240,cg04652621,cg04657325,cg04677326,cg04686114,cg04691540,cg04736562,cg04738309,cg04750593,cg04759767,cg04780909,cg04791747,cg04803843,cg04810377,cg04825775,cg04856096,cg04869206,cg04876451,cg04886703,cg04900785,cg04913443,cg04914305,cg04920270,cg04925824,cg04930469,cg04939294,cg04947578,cg04948627,cg04959815,cg04971418,cg05000748,cg05001908,cg05002041,cg05006231,cg05011232,cg05020775,cg05020822,cg05024413,cg05040544,cg05041145,cg05095774,cg05100916,cg05122605,cg05128992,cg05135213,cg05157171,cg05171367,cg05231098,cg05241025,cg05257479,cg05270119,cg05281338,cg05315865,cg05336115,cg05349062,cg05350358,cg05360402,cg05406635,cg05422897,cg05449217,cg05461259,cg05468351,cg05479582,cg05484920,cg05494465,cg05534678,cg05577902,cg05592035,cg05592363,cg05616754,cg05621343,cg05622441,cg05637536,cg05637795,cg05640069,cg05663122,cg05669285,cg05702448,cg05704155,cg05712403,cg05727959,cg05733026,cg05736236,cg05752819,cg05756109,cg05782078,cg05783854,cg05787931,cg05796321,cg05808815,cg05849857,cg05861071,cg05874478,cg05878337,cg05913197,cg05920090,cg05923184,cg05924191,cg05930162,cg05931265,cg05931684,cg05952120,cg05954989,cg05955675,cg05959525,cg06007320,cg06025835,cg06045225,cg06056004,cg06058923,cg06059332,cg06073094,cg06074314,cg06110578,cg06112779,cg06137672,cg06138422,cg06157335,cg06169648,cg06200777,cg06220161,cg06226283,cg06310844,cg06380355,cg06385874,cg06391107,cg06419771,cg06427502,cg06438404,cg06443863,cg06456512,cg06468476,cg06476093,cg06496078,cg06500355,cg06524479,cg06534285,cg06542686,cg06550102,cg06577251,cg06598631,cg06604058,cg06621373,cg06626599,cg06634950,cg06636685,cg06639788,cg06652315,cg06652850,cg06665941,cg06679003,cg06686029,cg06690633,cg06700871,cg06703332,cg06710900,cg06717492,cg06723301,cg06728098,cg06728674,cg06731730,cg06736685,cg06745235,cg06745957,cg06748231,cg06753227,cg06766659,cg06777853,cg06790019,cg06793581,cg06794263,cg06796825,cg06800444,cg06807989,cg06815976,cg06826278,cg06836181,cg06848185,cg06852575,cg06858186,cg06866657,cg06896619,cg06901526,cg06911519,cg06919790,cg06927324,cg06928838,cg06957130,cg06966660,cg06973234,cg06979550,cg06983551,cg07000551,cg07010359,cg07021777,cg07023327,cg07051329,cg07061579,cg07087156,cg07089783,cg07093111,cg07094915,cg07104116,cg07113322,cg07122172,cg07135797,cg07146119,cg07156929,cg07160044,cg07181902,cg07197864,cg07213548,cg07220085,cg07226679,cg07255356,cg07269724,cg07277818,cg07306881,cg07318453,cg07333905,cg07344583,cg07352798,cg07354253,cg07355551,cg07370646,cg07375367,cg07387199,cg07399355,cg07417284,cg07423602,cg07436753,cg07439409,cg07458698,cg07458712,cg07461160,cg07466433,cg07472772,cg07483523,cg07489134,cg07513383,cg07519721,cg07520141,cg07535605,cg07538946,cg07558287,cg07562458,cg07562483,cg07570055,cg07571970,cg07580707,cg07589166,cg07598522,cg07630649,cg07645461,cg07697662,cg07702548,cg07742134,cg07753245,cg07785225,cg07817097,cg07818830,cg07865517,cg07882184,cg07882382,cg07892879,cg07913310,cg07923305,cg07923459,cg07926482,cg07927839,cg07940793,cg07956936,cg07958926,cg07963361,cg07967679,cg07972541,cg07982935,cg08005943,cg08009993,cg08039701,cg08097417,cg08125682,cg08158076,cg08158524,cg08169394,cg08185661,cg08192350,cg08209163,cg08274589,cg08324115,cg08326301,cg08334153,cg08336300,cg08348387,cg08354699,cg08370718,cg08387285,cg08390021,cg08399230,cg08411512,cg08427928,cg08440521,cg08444731,cg08464824,cg08472559,cg08492707,cg08510077,cg08532834,cg08555460,cg08577341,cg08577517,cg08577743,cg08599294,cg08610201,cg08612601,cg08653403,cg08659621,cg08667777,cg08701515,cg08755283,cg08763126,cg08763433,cg08787268,cg08817168,cg08857201,cg08866402,cg08872741,cg08876479,cg08876591,cg08882650,cg08883955	E084	5.66e-13
4.979	3.78e-14	E086 Fetal Kidney	Fetal Kidney	H3K4me3	E086-H3K4me3.broadPeak.gz	cg00021237,cg00024722,cg00026230,cg00026974,cg00040423,cg00077299,cg00097536,cg00102920,cg00147578,cg00167275,cg00226754,cg00231920,cg00252696,cg00260647,cg00271154,cg00280548,cg00280814,cg00292435,cg00306421,cg00319567,cg00355633,cg00389341,cg00393376,cg00395140,cg00399650,cg00402069,cg00419759,cg00437985,cg00441754,cg00455883,cg00459447,cg00472801,cg00476986,cg00498603,cg00502932,cg00529946,cg00538370,cg00539325,cg00544734,cg00547077,cg00572487,cg00574907,cg00598261,cg00608467,cg00629514,cg00639286,cg00649827,cg00668227,cg00671225,cg00687252,cg00704288,cg00704909,cg00713294,cg00718440,cg00734800,cg00742472,cg00748373,cg00751288,cg00759634,cg00761755,cg00777537,cg00777895,cg00786747,cg00789423,cg00790928,cg00794178,cg00814733,cg00823995,cg00829944,cg00830767,cg00843623,cg00873521,cg00893385,cg00903375,cg00906435,cg00909976,cg00916439,cg00922697,cg00922781,cg00923803,cg00935924,cg00949554,cg00960509,cg00960580,cg00987699,cg00994411,cg01025599,cg01026613,cg01035689,cg01060358,cg01083340,cg01093329,cg01117833,cg01135780,cg01145709,cg01149132,cg01149896,cg01153979,cg01179631,cg01185138,cg01202751,cg01216607,cg01239717,cg01244944,cg01249180,cg01261351,cg01262133,cg01297808,cg01306985,cg01310829,cg01314194,cg01320048,cg01335042,cg01338834,cg01353569,cg01356981,cg01358551,cg01365762,cg01373691,cg01393327,cg01405143,cg01458686,cg01460557,cg01462829,cg01482912,cg01488674,cg01519164,cg01524091,cg01527159,cg01531665,cg01546046,cg01554453,cg01566127,cg01582807,cg01588546,cg01613965,cg01638175,cg01663225,cg01719123,cg01726103,cg01755728,cg01768179,cg01773951,cg01777630,cg01779076,cg01796104,cg01807919,cg01814186,cg01823956,cg01861096,cg01906015,cg01909487,cg01923740,cg01932076,cg01936090,cg01939479,cg01939664,cg01945391,cg01999086,cg02002494,cg02047359,cg02048674,cg02051077,cg02053340,cg02056921,cg02096656,cg02121330,cg02151625,cg02157667,cg02172824,cg02181963,cg02199589,cg02201215,cg02239805,cg02243437,cg02248325,cg02257675,cg02261604,cg02268424,cg02269221,cg02269272,cg02271227,cg02291403,cg02308112,cg02323694,cg02334926,cg02337499,cg02339297,cg02350644,cg02374837,cg02385840,cg02386183,cg02396143,cg02399652,cg02405530,cg02426912,cg02429398,cg02445447,cg02446681,cg02453779,cg02473395,cg02484047,cg02493614,cg02510736,cg02521102,cg02537106,cg02558424,cg02569759,cg02578312,cg02590295,cg02596190,cg02602480,cg02620228,cg02621020,cg02631680,cg02642298,cg02646394,cg02661258,cg02661426,cg02668708,cg02671671,cg02683363,cg02697074,cg02707669,cg02709717,cg02716799,cg02717570,cg02723904,cg02727104,cg02736602,cg02763798,cg02773019,cg02788401,cg02836487,cg02859866,cg02862354,cg02870950,cg02877856,cg02878439,cg02896705,cg02898122,cg02916409,cg02925229,cg02929209,cg02936451,cg02938524,cg02964396,cg02976543,cg02994645,cg02996314,cg03004280,cg03015433,cg03031933,cg03041860,cg03044510,cg03053597,cg03061024,cg03067068,cg03069383,cg03108496,cg03118206,cg03121168,cg03144560,cg03174294,cg03183872,cg03184439,cg03186339,cg03214080,cg03222971,cg03230579,cg03239591,cg03259243,cg03262242,cg03276167,cg03301282,cg03309721,cg03325014,cg03330867,cg03352657,cg03353863,cg03373091,cg03383661,cg03394401,cg03415695,cg03420286,cg03426840,cg03433712,cg03468541,cg03489495,cg03508908,cg03533382,cg03542721,cg03575764,cg03576787,cg03591798,cg03592197,cg03598754,cg03599547,cg03609269,cg03612039,cg03614734,cg03628186,cg03634887,cg03638905,cg03646922,cg03648679,cg03650154,cg03668558,cg03674076,cg03696599,cg03700121,cg03705947,cg03720887,cg03729853,cg03746482,cg03747177,cg03750606,cg03761477,cg03765692,cg03771185,cg03809994,cg03820205,cg03858673,cg03891330,cg03919779,cg03921416,cg03968699,cg03973167,cg03982544,cg03983647,cg04004830,cg04015759,cg04020984,cg04027074,cg04033706,cg04053862,cg04061197,cg04071446,cg04072768,cg04100724,cg04104609,cg04111177,cg04121495,cg04125208,cg04128307,cg04131734,cg04132452,cg04173992,cg04188862,cg04202802,cg04215179,cg04232674,cg04237075,cg04240267,cg04260924,cg04265407,cg04266779,cg04266864,cg04285493,cg04298626,cg04311227,cg04314525,cg04317977,cg04324758,cg04328477,cg04337412,cg04347820,cg04358923,cg04364540,cg04366385,cg04373587,cg04386144,cg04413644,cg04421424,cg04426007,cg04428535,cg04431387,cg04434568,cg04437590,cg04470905,cg04484579,cg04498032,cg04515913,cg04531254,cg04534813,cg04539241,cg04547205,cg04559178,cg04565464,cg04568613,cg04617570,cg04627240,cg04652621,cg04657325,cg04677326,cg04686114,cg04691540,cg04731120,cg04738309,cg04750593,cg04759767,cg04764907,cg04780909,cg04791747,cg04803843,cg04810377,cg04825775,cg04856096,cg04864062,cg04869206,cg04876451,cg04886703,cg04900785,cg04914305,cg04920270,cg04925824,cg04939294,cg04947578,cg04948627,cg04959815,cg04971418,cg05000748,cg05001908,cg05002041,cg05011232,cg05020775,cg05020822,cg05024413,cg05040544,cg05041145,cg05095774,cg05100916,cg05122605,cg05128992,cg05135213,cg05157171,cg05171367,cg05231098,cg05241025,cg05257479,cg05270119,cg05281338,cg05315865,cg05350358,cg05360402,cg05406635,cg05422897,cg05449217,cg05461259,cg05468351,cg05484920,cg05494465,cg05534678,cg05592363,cg05609414,cg05616754,cg05622441,cg05637795,cg05640069,cg05663122,cg05669285,cg05702448,cg05704155,cg05712403,cg05727959,cg05733026,cg05736236,cg05752819,cg05756109,cg05782078,cg05783854,cg05787931,cg05796321,cg05808815,cg05849857,cg05861071,cg05874478,cg05878337,cg05900347,cg05913197,cg05915794,cg05920090,cg05923184,cg05924191,cg05930162,cg05931265,cg05931684,cg05952120,cg05954989,cg05955675,cg05959525,cg06007320,cg06025835,cg06045225,cg06056004,cg06058923,cg06059332,cg06073094,cg06074314,cg06110578,cg06112779,cg06137672,cg06138195,cg06138422,cg06157335,cg06169648,cg06200777,cg06220161,cg06226283,cg06310844,cg06380355,cg06385874,cg06391107,cg06419771,cg06427502,cg06438404,cg06443863,cg06456512,cg06468476,cg06496078,cg06496222,cg06500355,cg06524479,cg06534285,cg06542686,cg06542865,cg06550102,cg06577251,cg06585708,cg06598631,cg06604058,cg06621373,cg06626599,cg06634950,cg06636685,cg06639788,cg06652315,cg06652850,cg06665941,cg06678902,cg06679003,cg06686029,cg06690633,cg06700871,cg06703332,cg06710900,cg06717492,cg06723301,cg06728098,cg06728674,cg06731730,cg06732976,cg06736685,cg06745235,cg06745957,cg06748231,cg06753227,cg06777853,cg06789048,cg06790019,cg06793581,cg06794263,cg06796825,cg06800444,cg06807989,cg06815976,cg06836181,cg06848185,cg06852575,cg06858186,cg06864005,cg06866657,cg06896619,cg06901526,cg06911519,cg06919790,cg06927324,cg06928838,cg06957130,cg06966660,cg06973234,cg06979550,cg06983551,cg07000551,cg07010359,cg07021777,cg07023327,cg07051329,cg07061579,cg07087156,cg07089783,cg07093111,cg07101354,cg07113322,cg07135797,cg07146119,cg07156929,cg07160044,cg07181902,cg07197864,cg07220085,cg07226679,cg07255356,cg07269724,cg07277818,cg07306881,cg07318453,cg07324633,cg07333905,cg07344583,cg07352798,cg07354253,cg07355551,cg07375367,cg07387199,cg07393674,cg07399355,cg07417284,cg07423602,cg07436753,cg07439409,cg07458698,cg07461160,cg07466433,cg07472772,cg07483523,cg07489134,cg07504545,cg07513383,cg07519721,cg07519873,cg07520141,cg07535605,cg07538946,cg07558287,cg07562458,cg07562483,cg07571970,cg07580707,cg07589166,cg07598522,cg07630649,cg07645461,cg07697662,cg07702548,cg07742134,cg07753245,cg07817097,cg07818830,cg07865517,cg07882184,cg07882382,cg07913310,cg07923305,cg07923459,cg07926482,cg07927839,cg07940793,cg07956936,cg07958926,cg07963361,cg07967679,cg07972541,cg08005943,cg08009993,cg08035872,cg08039701,cg08097417,cg08125682,cg08158076,cg08158524,cg08169394,cg08185661,cg08192350,cg08209163,cg08274589,cg08326301,cg08334153,cg08336300,cg08348387,cg08354699,cg08370718,cg08387285,cg08390021,cg08399230,cg08411512,cg08427928,cg08440521,cg08444731,cg08464824,cg08472559,cg08492707,cg08510077,cg08532834,cg08555460,cg08577341,cg08577517,cg08577743,cg08599294,cg08610201,cg08612601,cg08653403,cg08659621,cg08667777,cg08701515,cg08751265,cg08755283,cg08763126,cg08763433,cg08787268,cg08817168,cg08857201,cg08866402,cg08876479,cg08876591,cg08882650,cg08883955	E086	4.18e-13
3.534	5.09e-09	E088 Fetal Lung	Fetal Lung	H3K4me3	E088-H3K4me3.broadPeak.gz	cg00021237,cg00024722,cg00026230,cg00026974,cg00040423,cg00077299,cg00097536,cg00102920,cg00123055,cg00147578,cg00161515,cg00167275,cg00205436,cg00226754,cg00231920,cg00252696,cg00260647,cg00271154,cg00280548,cg00292435,cg00306421,cg00319567,cg00355633,cg00389341,cg00393376,cg00399650,cg00402069,cg00419759,cg00437985,cg00441754,cg00448143,cg00455883,cg00459447,cg00472801,cg00476986,cg00498603,cg00502932,cg00503302,cg00529946,cg00538370,cg00539325,cg00544734,cg00547077,cg00572487,cg00574907,cg00598261,cg00599266,cg00608467,cg00629514,cg00637687,cg00639286,cg00649827,cg00668227,cg00671225,cg00687252,cg00704288,cg00704909,cg00713294,cg00718440,cg00734800,cg00742472,cg00748373,cg00751288,cg00759634,cg00761755,cg00777537,cg00777895,cg00789423,cg00790928,cg00794178,cg00814733,cg00823995,cg00829944,cg00830767,cg00843623,cg00873521,cg00893385,cg00903375,cg00906435,cg00909976,cg00916439,cg00922781,cg00923803,cg00935924,cg00949554,cg00960509,cg00960580,cg00987699,cg00994389,cg00994411,cg01025599,cg01026613,cg01035689,cg01060358,cg01083340,cg01093329,cg01117833,cg01131038,cg01135780,cg01145709,cg01149132,cg01149896,cg01153979,cg01166350,cg01179631,cg01185138,cg01202751,cg01216607,cg01239717,cg01244944,cg01249180,cg01261351,cg01262133,cg01297808,cg01306985,cg01310829,cg01314194,cg01320048,cg01335042,cg01338834,cg01353569,cg01358551,cg01365762,cg01373691,cg01393327,cg01405143,cg01458686,cg01460557,cg01462829,cg01482912,cg01487433,cg01488674,cg01519164,cg01524091,cg01527159,cg01531665,cg01546046,cg01554453,cg01566127,cg01582807,cg01588546,cg01613965,cg01638175,cg01645753,cg01663225,cg01684233,cg01719123,cg01726103,cg01755728,cg01759562,cg01768179,cg01773951,cg01777630,cg01779076,cg01796104,cg01807919,cg01814186,cg01823956,cg01861096,cg01906015,cg01909487,cg01923740,cg01932076,cg01936090,cg01939479,cg01945391,cg01959412,cg01999086,cg02002494,cg02015876,cg02047359,cg02048674,cg02051077,cg02053340,cg02065970,cg02096656,cg02121330,cg02151625,cg02157667,cg02172824,cg02181963,cg02199589,cg02201215,cg02239805,cg02243437,cg02248325,cg02257675,cg02261604,cg02268424,cg02269221,cg02269272,cg02271227,cg02283485,cg02291403,cg02297747,cg02308112,cg02323694,cg02327123,cg02334926,cg02337499,cg02339297,cg02374837,cg02385840,cg02386183,cg02396143,cg02399652,cg02405530,cg02426912,cg02429398,cg02445447,cg02446681,cg02453779,cg02473395,cg02484047,cg02493614,cg02510736,cg02537106,cg02558424,cg02569759,cg02578312,cg02590295,cg02596190,cg02602480,cg02620228,cg02621020,cg02631680,cg02642298,cg02646394,cg02661258,cg02661426,cg02668708,cg02683363,cg02697074,cg02707669,cg02709717,cg02716799,cg02717570,cg02723904,cg02727104,cg02736602,cg02763798,cg02773019,cg02788401,cg02792602,cg02836487,cg02859866,cg02862354,cg02870950,cg02878439,cg02896705,cg02898122,cg02916409,cg02925229,cg02929209,cg02936451,cg02938524,cg02955287,cg02964396,cg02976543,cg02994645,cg02996314,cg03004280,cg03015433,cg03031933,cg03041860,cg03044510,cg03053597,cg03061024,cg03067068,cg03069383,cg03108496,cg03118206,cg03121168,cg03144560,cg03174294,cg03183872,cg03184439,cg03186339,cg03214080,cg03222971,cg03230579,cg03239591,cg03259243,cg03262242,cg03276167,cg03301282,cg03309721,cg03330867,cg03352657,cg03353863,cg03373091,cg03383661,cg03394401,cg03415695,cg03420286,cg03426840,cg03433712,cg03468541,cg03489495,cg03508908,cg03533382,cg03542721,cg03575764,cg03576787,cg03591798,cg03592197,cg03598754,cg03599547,cg03609269,cg03612039,cg03614734,cg03628186,cg03634887,cg03646922,cg03648679,cg03650154,cg03668558,cg03674076,cg03696599,cg03700121,cg03705947,cg03720887,cg03729853,cg03746482,cg03747177,cg03750606,cg03761477,cg03765692,cg03771185,cg03809994,cg03820205,cg03858673,cg03891268,cg03891330,cg03919779,cg03921416,cg03968699,cg03973167,cg03983647,cg04004830,cg04013089,cg04015759,cg04020984,cg04027074,cg04033706,cg04053862,cg04061197,cg04071446,cg04072768,cg04100724,cg04104609,cg04111177,cg04121495,cg04125208,cg04128307,cg04131734,cg04132452,cg04173992,cg04202802,cg04215179,cg04232674,cg04237075,cg04240267,cg04260924,cg04265407,cg04266779,cg04266864,cg04285493,cg04298626,cg04311227,cg04314525,cg04317977,cg04324758,cg04328477,cg04331511,cg04337412,cg04358923,cg04364540,cg04366385,cg04373587,cg04386144,cg04413644,cg04421424,cg04426007,cg04428535,cg04431387,cg04434568,cg04437590,cg04463911,cg04470905,cg04484579,cg04498032,cg04515913,cg04531254,cg04534813,cg04539241,cg04559178,cg04565464,cg04568613,cg04576847,cg04617570,cg04627240,cg04652621,cg04657325,cg04677326,cg04686114,cg04691540,cg04731120,cg04736562,cg04738309,cg04750593,cg04759767,cg04764907,cg04780909,cg04791747,cg04803843,cg04810377,cg04825775,cg04856096,cg04864062,cg04869206,cg04876451,cg04886703,cg04891165,cg04900785,cg04914305,cg04920270,cg04925824,cg04939294,cg04947578,cg04948627,cg04959815,cg04971418,cg05000748,cg05001908,cg05002041,cg05011232,cg05020775,cg05020822,cg05024413,cg05040544,cg05041145,cg05095774,cg05100916,cg05122605,cg05128992,cg05135213,cg05157171,cg05171367,cg05231098,cg05241025,cg05257479,cg05262436,cg05270119,cg05281338,cg05315865,cg05337998,cg05350358,cg05360402,cg05406635,cg05422897,cg05449217,cg05461259,cg05468351,cg05484920,cg05494465,cg05534678,cg05592035,cg05592363,cg05609414,cg05616754,cg05622441,cg05637795,cg05640069,cg05663122,cg05669285,cg05702448,cg05704155,cg05712403,cg05727959,cg05733026,cg05736236,cg05756109,cg05782078,cg05783854,cg05787931,cg05796321,cg05808815,cg05849857,cg05861071,cg05874478,cg05878337,cg05900347,cg05913197,cg05920090,cg05923184,cg05924191,cg05930162,cg05931265,cg05931684,cg05952120,cg05954989,cg05955675,cg05959525,cg05992412,cg06007320,cg06025835,cg06045225,cg06056004,cg06058923,cg06059332,cg06073094,cg06074314,cg06110578,cg06112779,cg06137672,cg06138195,cg06138422,cg06157335,cg06169648,cg06200777,cg06220161,cg06290265,cg06310844,cg06379478,cg06380355,cg06385874,cg06391107,cg06419771,cg06421526,cg06427502,cg06438404,cg06443863,cg06456512,cg06468476,cg06476093,cg06496078,cg06496222,cg06500355,cg06534285,cg06542686,cg06542865,cg06550102,cg06577251,cg06585708,cg06598631,cg06604058,cg06621373,cg06626599,cg06634950,cg06636685,cg06639788,cg06652315,cg06652850,cg06665941,cg06678902,cg06679003,cg06686029,cg06690633,cg06700871,cg06703332,cg06710900,cg06717492,cg06723301,cg06728098,cg06728674,cg06731730,cg06736685,cg06745235,cg06745957,cg06748231,cg06753227,cg06777853,cg06790019,cg06793581,cg06794263,cg06796825,cg06800444,cg06807989,cg06815976,cg06826278,cg06836181,cg06848185,cg06852575,cg06858186,cg06866657,cg06896619,cg06901526,cg06911519,cg06919790,cg06927324,cg06928838,cg06966660,cg06973234,cg06979550,cg06983551,cg07000551,cg07010359,cg07021777,cg07023327,cg07051329,cg07061579,cg07063914,cg07087156,cg07089783,cg07093111,cg07113322,cg07122172,cg07135797,cg07146119,cg07156929,cg07160044,cg07181902,cg07197864,cg07220085,cg07226679,cg07255356,cg07266126,cg07269724,cg07277818,cg07306881,cg07318453,cg07324633,cg07333905,cg07344583,cg07352798,cg07354253,cg07355551,cg07375367,cg07387199,cg07393674,cg07399355,cg07417284,cg07423602,cg07436753,cg07439409,cg07458698,cg07458712,cg07461160,cg07466433,cg07472772,cg07483523,cg07489134,cg07513383,cg07519721,cg07519873,cg07520141,cg07535605,cg07538946,cg07562458,cg07562483,cg07571970,cg07580707,cg07589166,cg07598522,cg07630649,cg07645461,cg07697662,cg07702548,cg07742134,cg07750813,cg07753245,cg07785225,cg07817097,cg07818830,cg07865517,cg07882184,cg07882382,cg07913310,cg07923305,cg07923459,cg07926482,cg07927839,cg07940793,cg07956936,cg07958926,cg07963361,cg07967679,cg07972541,cg08005943,cg08009993,cg08039701,cg08097417,cg08125682,cg08158076,cg08158524,cg08185661,cg08192350,cg08209163,cg08274589,cg08326301,cg08334153,cg08336300,cg08348387,cg08354699,cg08370718,cg08387285,cg08390021,cg08399230,cg08411512,cg08427928,cg08440521,cg08444731,cg08464824,cg08472559,cg08492707,cg08510077,cg08532834,cg08555460,cg08577341,cg08577517,cg08577743,cg08599294,cg08610201,cg08612601,cg08653403,cg08659621,cg08667777,cg08701515,cg08751265,cg08755283,cg08763126,cg08763433,cg08787268,cg08817168,cg08857201,cg08866402,cg08872741,cg08876479,cg08876591,cg08882650,cg08883955	E088	3.13e-08
4.701	3.45e-13	E090 Fetal Muscle Leg	Fetal Muscle Leg	H3K4me3	E090-H3K4me3.broadPeak.gz	cg00021237,cg00024722,cg00026230,cg00026974,cg00040423,cg00077299,cg00097536,cg00102920,cg00123055,cg00147578,cg00167275,cg00226754,cg00231920,cg00252696,cg00260647,cg00271154,cg00280548,cg00292435,cg00306421,cg00319567,cg00320345,cg00355633,cg00389341,cg00393376,cg00399650,cg00402069,cg00419759,cg00437985,cg00441754,cg00448143,cg00455883,cg00459447,cg00472801,cg00476986,cg00498603,cg00502932,cg00529946,cg00538370,cg00544734,cg00547077,cg00572487,cg00574907,cg00598261,cg00608467,cg00629514,cg00639286,cg00649827,cg00668227,cg00687252,cg00704288,cg00704909,cg00713294,cg00718440,cg00734800,cg00742472,cg00748373,cg00751288,cg00759634,cg00761755,cg00777537,cg00777895,cg00789423,cg00790928,cg00794178,cg00814733,cg00823995,cg00829944,cg00830767,cg00843623,cg00873521,cg00893385,cg00903375,cg00906435,cg00909976,cg00916439,cg00922781,cg00923803,cg00935924,cg00949554,cg00960509,cg00960580,cg00987699,cg00994411,cg01025599,cg01026613,cg01035689,cg01060358,cg01083340,cg01093329,cg01117833,cg01135780,cg01145709,cg01149132,cg01149896,cg01153979,cg01179631,cg01185138,cg01202751,cg01216607,cg01239717,cg01244944,cg01249180,cg01261351,cg01262133,cg01297808,cg01306985,cg01310829,cg01314194,cg01320048,cg01335042,cg01338834,cg01353569,cg01358551,cg01363714,cg01365762,cg01373292,cg01373691,cg01393327,cg01405143,cg01458686,cg01460557,cg01462829,cg01467266,cg01482912,cg01487433,cg01488674,cg01519164,cg01524091,cg01527159,cg01531665,cg01546046,cg01554453,cg01566127,cg01582807,cg01588546,cg01613965,cg01638175,cg01645753,cg01660676,cg01663225,cg01719123,cg01726103,cg01755728,cg01759562,cg01768179,cg01773951,cg01777630,cg01779076,cg01789478,cg01796104,cg01807919,cg01814186,cg01819787,cg01823956,cg01861096,cg01906015,cg01909487,cg01923740,cg01932076,cg01936090,cg01939479,cg01939664,cg01945391,cg01959412,cg01999086,cg02002494,cg02015876,cg02047359,cg02048674,cg02051077,cg02053340,cg02056921,cg02096656,cg02121330,cg02151625,cg02157667,cg02172824,cg02181963,cg02199589,cg02201215,cg02239805,cg02243437,cg02248325,cg02257675,cg02261604,cg02268424,cg02269221,cg02269272,cg02283485,cg02291403,cg02308112,cg02323694,cg02327123,cg02334926,cg02337499,cg02339297,cg02374837,cg02385840,cg02386183,cg02396143,cg02399652,cg02405530,cg02426912,cg02429398,cg02445447,cg02446681,cg02453779,cg02473395,cg02484047,cg02493614,cg02510736,cg02537106,cg02542103,cg02558424,cg02569759,cg02578312,cg02590295,cg02596190,cg02602480,cg02620228,cg02621020,cg02631680,cg02642298,cg02646394,cg02661258,cg02661426,cg02668708,cg02671671,cg02683363,cg02697074,cg02707669,cg02709717,cg02716799,cg02717570,cg02723904,cg02727104,cg02736602,cg02763798,cg02773019,cg02788401,cg02792602,cg02836487,cg02859866,cg02862354,cg02870950,cg02878439,cg02896705,cg02898122,cg02916409,cg02925229,cg02929209,cg02936451,cg02938524,cg02964396,cg02976543,cg02994645,cg02996314,cg03004280,cg03015433,cg03031933,cg03041860,cg03044510,cg03053597,cg03061024,cg03067068,cg03069383,cg03108496,cg03118206,cg03121168,cg03128332,cg03144560,cg03174294,cg03175653,cg03183872,cg03184439,cg03186339,cg03214080,cg03220945,cg03222971,cg03230579,cg03239591,cg03259243,cg03262242,cg03276167,cg03301282,cg03309721,cg03330867,cg03352657,cg03373091,cg03383661,cg03394401,cg03415695,cg03420286,cg03426840,cg03433712,cg03442378,cg03462171,cg03468541,cg03489495,cg03508908,cg03533382,cg03542721,cg03555487,cg03575764,cg03576787,cg03591798,cg03592197,cg03598754,cg03599547,cg03609269,cg03612039,cg03614734,cg03623155,cg03628186,cg03634887,cg03646922,cg03648679,cg03650154,cg03668558,cg03674076,cg03689054,cg03696599,cg03700121,cg03705947,cg03720887,cg03729853,cg03746482,cg03747177,cg03750606,cg03761477,cg03765692,cg03771185,cg03809994,cg03820205,cg03891330,cg03919779,cg03921416,cg03967192,cg03968699,cg03973167,cg03982544,cg03983647,cg04004830,cg04015759,cg04020984,cg04027074,cg04033706,cg04053862,cg04061197,cg04071446,cg04072768,cg04100724,cg04104609,cg04111177,cg04121495,cg04125208,cg04128307,cg04131734,cg04132452,cg04173992,cg04188862,cg04202802,cg04215179,cg04232674,cg04237075,cg04240267,cg04260924,cg04265407,cg04266779,cg04266864,cg04285493,cg04298626,cg04311227,cg04314525,cg04317977,cg04324758,cg04328477,cg04333213,cg04337412,cg04358923,cg04364540,cg04366385,cg04373587,cg04386144,cg04413644,cg04421424,cg04426007,cg04428535,cg04431387,cg04434568,cg04437590,cg04470905,cg04484579,cg04498032,cg04515913,cg04531254,cg04534813,cg04539241,cg04547205,cg04559178,cg04565464,cg04568613,cg04584833,cg04617570,cg04627240,cg04652621,cg04677326,cg04686114,cg04691540,cg04738309,cg04750593,cg04759767,cg04764907,cg04780909,cg04791747,cg04803843,cg04810377,cg04825775,cg04856096,cg04869206,cg04876451,cg04886703,cg04900785,cg04913443,cg04914305,cg04920270,cg04925824,cg04930469,cg04939294,cg04947578,cg04948627,cg04959815,cg04971418,cg05000748,cg05001908,cg05002041,cg05006231,cg05011232,cg05020775,cg05020822,cg05024413,cg05040544,cg05041145,cg05095774,cg05100916,cg05122605,cg05128992,cg05135213,cg05157171,cg05171367,cg05214685,cg05231098,cg05241025,cg05257479,cg05270119,cg05281338,cg05315865,cg05349062,cg05350358,cg05360402,cg05406635,cg05422897,cg05449217,cg05461259,cg05468351,cg05479582,cg05484920,cg05494465,cg05534678,cg05577902,cg05592035,cg05592363,cg05616754,cg05621343,cg05622441,cg05637536,cg05637795,cg05640069,cg05663122,cg05669285,cg05702448,cg05704155,cg05712403,cg05727959,cg05733026,cg05736236,cg05752819,cg05756109,cg05782078,cg05783854,cg05787931,cg05796321,cg05808815,cg05849857,cg05861071,cg05874478,cg05878337,cg05900347,cg05913197,cg05920090,cg05923184,cg05924191,cg05930162,cg05931265,cg05931684,cg05940231,cg05952120,cg05954989,cg05955675,cg05959525,cg06007320,cg06025835,cg06045225,cg06056004,cg06058923,cg06059332,cg06073094,cg06074314,cg06110578,cg06112779,cg06137672,cg06138422,cg06157335,cg06169648,cg06200777,cg06220161,cg06226283,cg06310844,cg06380355,cg06385874,cg06391107,cg06419771,cg06427502,cg06438404,cg06443863,cg06456512,cg06468476,cg06476093,cg06496078,cg06500355,cg06524479,cg06534285,cg06542686,cg06550102,cg06577251,cg06598631,cg06604058,cg06621373,cg06626599,cg06634950,cg06636685,cg06639788,cg06652315,cg06652850,cg06665941,cg06679003,cg06686029,cg06690633,cg06700871,cg06703332,cg06710900,cg06717492,cg06723301,cg06728098,cg06728674,cg06731730,cg06736685,cg06745235,cg06745957,cg06748231,cg06753227,cg06777853,cg06790019,cg06793581,cg06794263,cg06796825,cg06800444,cg06807989,cg06815976,cg06836181,cg06848185,cg06852575,cg06858186,cg06866657,cg06896619,cg06901526,cg06911519,cg06919790,cg06927324,cg06928838,cg06957130,cg06966660,cg06973234,cg06979550,cg06983551,cg07000551,cg07010359,cg07021777,cg07023327,cg07051329,cg07061579,cg07087156,cg07089783,cg07093111,cg07094915,cg07113322,cg07122172,cg07135797,cg07146119,cg07156929,cg07160044,cg07181902,cg07197864,cg07220085,cg07226679,cg07255356,cg07269724,cg07274204,cg07277818,cg07306881,cg07318453,cg07333905,cg07344583,cg07352798,cg07354253,cg07355551,cg07370646,cg07375367,cg07387199,cg07399355,cg07417284,cg07423602,cg07436753,cg07439409,cg07458698,cg07458712,cg07461160,cg07466433,cg07472772,cg07483523,cg07489134,cg07513383,cg07519721,cg07519873,cg07520141,cg07535605,cg07536847,cg07538946,cg07558287,cg07562458,cg07562483,cg07570055,cg07571970,cg07580707,cg07589166,cg07598522,cg07630649,cg07645461,cg07697662,cg07702548,cg07742134,cg07753245,cg07817097,cg07818830,cg07865517,cg07882184,cg07882382,cg07913310,cg07923305,cg07923459,cg07926482,cg07927839,cg07940793,cg07956936,cg07958926,cg07963361,cg07972541,cg07982935,cg08005943,cg08009993,cg08039701,cg08097417,cg08125682,cg08158076,cg08158524,cg08169394,cg08185661,cg08192350,cg08209163,cg08272731,cg08274589,cg08324115,cg08326301,cg08334153,cg08336300,cg08348387,cg08354699,cg08370718,cg08387285,cg08390021,cg08399230,cg08411512,cg08427928,cg08440521,cg08444731,cg08464824,cg08472559,cg08492707,cg08510077,cg08532834,cg08555460,cg08577341,cg08577517,cg08577743,cg08599294,cg08610201,cg08612601,cg08653403,cg08659621,cg08667777,cg08701515,cg08755283,cg08763126,cg08763433,cg08787268,cg08817168,cg08857201,cg08866402,cg08872741,cg08876479,cg08876591,cg08882650,cg08883955	E090	2.73e-12
4.581	1.08e-12	E089 Fetal Muscle Trunk	Fetal Muscle Trunk	H3K4me3	E089-H3K4me3.broadPeak.gz	cg00021237,cg00024722,cg00026230,cg00026974,cg00040423,cg00077299,cg00097536,cg00102920,cg00123055,cg00147578,cg00167275,cg00226754,cg00231920,cg00252696,cg00260647,cg00271154,cg00280548,cg00292435,cg00306421,cg00319567,cg00355633,cg00389341,cg00393376,cg00399650,cg00402069,cg00419759,cg00437985,cg00441754,cg00455883,cg00459447,cg00472801,cg00476986,cg00498603,cg00502932,cg00503302,cg00529946,cg00538370,cg00544734,cg00547077,cg00572487,cg00574907,cg00598261,cg00608467,cg00637687,cg00639286,cg00649827,cg00668227,cg00687252,cg00704288,cg00704909,cg00713294,cg00718440,cg00734800,cg00742472,cg00751288,cg00759634,cg00761755,cg00777537,cg00777895,cg00789423,cg00790928,cg00794178,cg00814733,cg00823995,cg00829944,cg00830767,cg00843623,cg00873521,cg00893385,cg00903375,cg00906435,cg00909976,cg00916439,cg00922781,cg00923803,cg00935924,cg00949554,cg00960509,cg00960580,cg00987699,cg00994411,cg01025599,cg01026613,cg01035689,cg01060358,cg01083340,cg01093329,cg01117833,cg01131038,cg01135780,cg01145709,cg01149132,cg01149896,cg01153979,cg01158415,cg01179631,cg01185138,cg01202751,cg01216607,cg01239717,cg01244944,cg01249180,cg01261351,cg01297808,cg01306985,cg01310829,cg01314194,cg01320048,cg01335042,cg01338834,cg01353569,cg01358551,cg01363714,cg01365762,cg01373292,cg01373691,cg01393327,cg01405143,cg01458686,cg01460557,cg01462829,cg01482912,cg01488674,cg01519164,cg01524091,cg01527159,cg01531665,cg01542423,cg01546046,cg01554453,cg01566127,cg01582807,cg01588546,cg01613965,cg01638175,cg01663225,cg01719123,cg01726103,cg01755728,cg01759562,cg01768179,cg01773951,cg01777630,cg01779076,cg01789478,cg01796104,cg01807919,cg01814186,cg01819787,cg01823956,cg01861096,cg01906015,cg01909487,cg01923740,cg01932076,cg01936090,cg01939479,cg01945391,cg01959412,cg01999086,cg02002494,cg02015876,cg02047359,cg02048674,cg02051077,cg02053340,cg02096656,cg02121330,cg02151625,cg02157667,cg02172824,cg02181963,cg02199589,cg02201215,cg02239805,cg02243437,cg02248325,cg02257675,cg02261604,cg02268424,cg02269221,cg02269272,cg02271227,cg02283485,cg02291403,cg02308112,cg02323694,cg02327123,cg02334926,cg02337499,cg02339297,cg02374837,cg02386183,cg02396143,cg02399652,cg02405530,cg02426912,cg02429398,cg02445447,cg02446681,cg02453779,cg02473395,cg02484047,cg02493614,cg02510736,cg02521102,cg02537106,cg02558424,cg02569759,cg02578312,cg02590295,cg02596190,cg02602480,cg02620228,cg02621020,cg02631680,cg02632809,cg02642298,cg02646394,cg02650266,cg02661258,cg02661426,cg02668708,cg02671671,cg02683363,cg02697074,cg02707669,cg02709717,cg02716799,cg02717570,cg02723904,cg02727104,cg02736602,cg02763798,cg02773019,cg02788401,cg02792602,cg02836487,cg02859866,cg02862354,cg02870950,cg02896705,cg02898122,cg02916409,cg02925229,cg02929209,cg02936451,cg02938524,cg02955287,cg02964396,cg02976543,cg02994645,cg02996314,cg03004280,cg03015433,cg03031933,cg03041860,cg03044510,cg03053597,cg03061024,cg03067068,cg03069383,cg03072621,cg03108496,cg03118206,cg03121168,cg03128332,cg03144560,cg03174294,cg03175653,cg03183872,cg03184439,cg03186339,cg03214080,cg03220945,cg03222971,cg03230579,cg03239591,cg03259243,cg03262242,cg03276167,cg03301282,cg03309721,cg03325014,cg03330867,cg03352657,cg03373091,cg03383661,cg03394401,cg03415695,cg03420286,cg03426840,cg03433712,cg03462171,cg03468541,cg03489495,cg03508908,cg03533382,cg03542721,cg03575764,cg03576787,cg03591798,cg03592197,cg03598754,cg03599547,cg03609269,cg03612039,cg03614734,cg03623155,cg03628186,cg03634887,cg03638905,cg03646922,cg03648679,cg03650154,cg03668558,cg03674076,cg03689054,cg03696599,cg03700121,cg03705947,cg03720887,cg03729853,cg03747177,cg03750606,cg03761477,cg03765692,cg03771185,cg03809994,cg03820205,cg03891330,cg03919779,cg03921416,cg03967192,cg03968699,cg03973167,cg03982544,cg03983647,cg04004830,cg04015759,cg04020984,cg04027074,cg04033706,cg04053862,cg04061197,cg04071446,cg04072768,cg04100724,cg04104609,cg04111177,cg04121495,cg04125208,cg04128307,cg04131734,cg04132452,cg04173992,cg04188862,cg04202802,cg04215179,cg04232674,cg04237075,cg04240267,cg04260924,cg04265407,cg04266779,cg04266864,cg04285493,cg04298626,cg04311227,cg04314525,cg04317977,cg04324758,cg04328477,cg04331511,cg04333213,cg04337412,cg04358923,cg04364540,cg04366385,cg04373587,cg04386144,cg04413644,cg04421424,cg04426007,cg04428535,cg04431387,cg04434568,cg04437590,cg04470905,cg04484579,cg04498032,cg04515913,cg04531254,cg04534813,cg04539241,cg04547205,cg04559178,cg04565464,cg04568613,cg04584833,cg04617570,cg04627240,cg04677326,cg04686114,cg04691540,cg04714638,cg04731120,cg04738309,cg04750593,cg04759767,cg04780909,cg04791747,cg04803843,cg04810377,cg04825775,cg04856096,cg04869206,cg04876451,cg04886703,cg04900785,cg04913443,cg04914305,cg04920270,cg04925824,cg04930469,cg04939294,cg04947578,cg04948627,cg04959815,cg04971418,cg05000748,cg05001908,cg05002041,cg05006231,cg05011232,cg05020775,cg05020822,cg05024413,cg05040544,cg05041145,cg05095774,cg05100916,cg05122605,cg05128992,cg05135213,cg05157171,cg05171367,cg05214685,cg05231098,cg05241025,cg05257479,cg05270119,cg05281338,cg05315865,cg05350358,cg05360402,cg05406635,cg05422897,cg05449217,cg05461259,cg05468351,cg05479582,cg05484920,cg05494465,cg05534678,cg05577902,cg05592035,cg05592363,cg05616754,cg05621343,cg05622441,cg05637536,cg05637795,cg05640069,cg05663122,cg05669285,cg05702448,cg05704155,cg05712403,cg05727959,cg05733026,cg05736236,cg05752819,cg05756109,cg05782078,cg05783854,cg05787931,cg05796321,cg05808815,cg05849857,cg05861071,cg05874478,cg05878337,cg05900347,cg05913197,cg05920090,cg05923184,cg05924191,cg05930162,cg05931265,cg05931684,cg05940231,cg05952120,cg05954989,cg05955675,cg05959525,cg05992412,cg06007320,cg06025835,cg06045225,cg06056004,cg06058923,cg06073094,cg06074314,cg06110578,cg06112779,cg06137672,cg06138422,cg06157335,cg06169648,cg06200777,cg06220161,cg06226283,cg06310844,cg06380355,cg06385874,cg06391107,cg06419771,cg06427502,cg06438404,cg06443863,cg06456512,cg06468476,cg06476093,cg06496078,cg06500355,cg06524479,cg06534285,cg06542686,cg06542865,cg06550102,cg06577251,cg06598631,cg06604058,cg06621373,cg06626599,cg06634950,cg06636685,cg06639788,cg06652315,cg06652850,cg06665941,cg06679003,cg06686029,cg06690633,cg06700871,cg06703332,cg06710900,cg06717492,cg06723301,cg06728098,cg06728674,cg06731730,cg06736685,cg06745235,cg06745957,cg06748231,cg06753227,cg06777853,cg06790019,cg06793581,cg06794263,cg06796825,cg06800444,cg06807989,cg06815976,cg06836181,cg06848185,cg06852575,cg06858186,cg06866657,cg06896619,cg06901526,cg06911519,cg06919790,cg06927324,cg06928838,cg06957130,cg06966660,cg06973234,cg06979550,cg06983551,cg07000551,cg07010359,cg07021777,cg07023327,cg07051329,cg07061579,cg07087156,cg07089783,cg07093111,cg07094915,cg07101354,cg07113322,cg07122172,cg07135797,cg07146119,cg07156929,cg07160044,cg07181902,cg07197864,cg07220085,cg07226679,cg07255356,cg07269724,cg07274204,cg07277818,cg07306881,cg07318453,cg07333905,cg07344583,cg07352798,cg07354253,cg07355551,cg07375367,cg07387199,cg07399355,cg07417284,cg07423602,cg07436753,cg07439409,cg07458698,cg07461160,cg07466433,cg07472772,cg07483523,cg07489134,cg07504545,cg07513383,cg07519721,cg07519873,cg07520141,cg07535605,cg07536847,cg07538946,cg07558287,cg07562458,cg07562483,cg07570055,cg07571970,cg07580707,cg07589166,cg07598522,cg07630649,cg07645461,cg07697662,cg07702548,cg07742134,cg07753245,cg07817097,cg07818830,cg07865517,cg07882184,cg07882382,cg07913310,cg07923305,cg07923459,cg07926482,cg07927839,cg07940793,cg07956936,cg07958926,cg07963361,cg07972541,cg07982935,cg08005943,cg08009993,cg08035872,cg08039701,cg08097417,cg08125682,cg08158076,cg08158524,cg08169394,cg08185661,cg08192350,cg08209163,cg08272731,cg08274589,cg08324115,cg08326301,cg08334153,cg08336300,cg08348387,cg08354699,cg08370718,cg08387285,cg08390021,cg08399230,cg08411512,cg08427928,cg08440521,cg08444731,cg08464824,cg08472559,cg08492707,cg08510077,cg08532834,cg08555460,cg08577341,cg08577517,cg08577743,cg08599294,cg08610201,cg08612601,cg08653403,cg08659621,cg08667777,cg08701515,cg08755283,cg08763126,cg08763433,cg08787268,cg08857201,cg08866402,cg08872741,cg08876479,cg08876591,cg08882650,cg08883955	E089	8.13e-12
4.769	6.28e-14	E092 Fetal Stomach	Fetal Stomach	H3K4me3	E092-H3K4me3.broadPeak.gz	cg00021237,cg00024722,cg00026230,cg00026974,cg00040423,cg00077299,cg00097536,cg00102920,cg00123055,cg00147578,cg00167275,cg00179576,cg00226754,cg00231920,cg00252696,cg00260647,cg00271154,cg00280548,cg00292435,cg00306421,cg00319567,cg00355633,cg00389341,cg00393376,cg00399650,cg00402069,cg00419759,cg00437985,cg00441754,cg00448143,cg00455883,cg00459447,cg00472801,cg00476986,cg00498603,cg00502932,cg00511674,cg00529946,cg00538370,cg00544734,cg00547077,cg00572487,cg00574907,cg00598261,cg00599266,cg00608467,cg00629514,cg00637687,cg00639286,cg00649827,cg00668227,cg00671225,cg00687252,cg00704288,cg00704909,cg00713294,cg00718440,cg00734800,cg00742472,cg00748373,cg00751288,cg00759634,cg00761755,cg00777537,cg00777895,cg00789423,cg00790928,cg00794178,cg00814733,cg00823995,cg00829944,cg00830767,cg00843623,cg00873521,cg00893385,cg00903375,cg00906435,cg00909976,cg00916439,cg00922781,cg00923803,cg00935924,cg00949554,cg00960509,cg00960580,cg00987699,cg00994411,cg01025599,cg01026613,cg01035689,cg01060358,cg01083340,cg01093329,cg01117833,cg01131038,cg01135780,cg01145709,cg01149132,cg01149896,cg01153979,cg01179631,cg01185138,cg01202751,cg01216607,cg01239717,cg01244944,cg01249180,cg01261351,cg01297808,cg01306985,cg01310829,cg01314194,cg01320048,cg01335042,cg01338834,cg01353569,cg01358551,cg01363714,cg01365762,cg01373691,cg01393327,cg01405143,cg01458686,cg01460557,cg01462829,cg01482912,cg01487433,cg01488674,cg01519164,cg01524091,cg01527159,cg01531665,cg01546046,cg01554453,cg01566127,cg01582807,cg01588546,cg01613965,cg01638175,cg01645753,cg01660676,cg01663225,cg01719123,cg01726103,cg01755728,cg01768179,cg01773951,cg01777630,cg01779076,cg01789478,cg01796104,cg01807919,cg01814186,cg01819787,cg01823956,cg01861096,cg01906015,cg01909487,cg01923740,cg01932076,cg01936090,cg01939479,cg01939664,cg01945391,cg01959412,cg01999086,cg02002494,cg02015876,cg02047359,cg02048674,cg02051077,cg02053340,cg02056921,cg02096656,cg02121330,cg02151625,cg02157667,cg02172824,cg02181963,cg02199589,cg02201215,cg02239805,cg02243437,cg02248325,cg02257675,cg02261604,cg02268424,cg02269221,cg02269272,cg02283485,cg02291403,cg02308112,cg02323694,cg02327123,cg02334926,cg02337499,cg02339297,cg02350644,cg02374837,cg02385840,cg02386183,cg02396143,cg02399652,cg02405530,cg02426912,cg02429398,cg02445447,cg02446681,cg02453779,cg02473395,cg02484047,cg02493614,cg02510736,cg02521102,cg02537106,cg02542103,cg02558424,cg02569759,cg02578312,cg02590295,cg02596190,cg02602480,cg02620228,cg02621020,cg02631680,cg02642298,cg02646394,cg02661258,cg02661426,cg02668708,cg02671671,cg02683363,cg02697074,cg02707669,cg02709717,cg02716799,cg02717570,cg02723904,cg02727104,cg02736602,cg02763798,cg02773019,cg02788401,cg02792602,cg02836487,cg02859866,cg02862354,cg02870950,cg02878439,cg02896705,cg02898122,cg02916409,cg02925229,cg02929209,cg02936451,cg02938524,cg02964396,cg02976543,cg02994645,cg02996314,cg03004280,cg03015433,cg03031933,cg03041860,cg03044510,cg03053597,cg03061024,cg03067068,cg03069383,cg03108496,cg03118206,cg03121168,cg03144560,cg03174294,cg03175653,cg03183872,cg03184439,cg03186339,cg03214080,cg03220945,cg03222971,cg03230579,cg03239591,cg03259243,cg03262242,cg03276167,cg03301282,cg03309721,cg03325014,cg03330867,cg03352657,cg03373091,cg03383661,cg03394401,cg03410772,cg03415695,cg03420286,cg03426840,cg03433712,cg03462171,cg03468541,cg03489495,cg03508908,cg03533382,cg03542721,cg03575764,cg03576787,cg03591798,cg03592197,cg03598754,cg03599547,cg03609269,cg03612039,cg03614734,cg03623155,cg03628186,cg03634887,cg03638905,cg03646922,cg03648679,cg03650154,cg03655371,cg03668558,cg03674076,cg03689054,cg03696599,cg03700121,cg03705947,cg03720887,cg03729853,cg03746482,cg03747177,cg03750606,cg03761477,cg03765692,cg03771185,cg03809994,cg03820205,cg03820828,cg03829216,cg03858673,cg03891330,cg03919779,cg03921416,cg03940157,cg03967192,cg03968699,cg03973167,cg03982544,cg03983647,cg04004830,cg04015759,cg04020984,cg04027074,cg04033706,cg04053862,cg04061197,cg04071446,cg04072768,cg04100724,cg04104609,cg04111177,cg04121495,cg04125208,cg04128307,cg04131734,cg04132452,cg04188862,cg04202802,cg04215179,cg04232674,cg04237075,cg04240267,cg04260924,cg04265407,cg04266779,cg04266864,cg04285493,cg04298626,cg04311227,cg04314525,cg04317977,cg04324758,cg04328477,cg04333213,cg04337412,cg04344565,cg04358923,cg04364540,cg04366385,cg04373587,cg04386144,cg04413644,cg04421424,cg04426007,cg04428535,cg04431387,cg04434568,cg04437590,cg04454285,cg04470905,cg04484579,cg04498032,cg04515913,cg04531254,cg04534813,cg04539241,cg04547205,cg04559178,cg04565464,cg04568613,cg04584833,cg04617570,cg04627240,cg04652621,cg04677326,cg04686114,cg04691540,cg04721302,cg04731120,cg04738309,cg04750593,cg04759767,cg04780909,cg04791747,cg04803843,cg04810377,cg04825775,cg04856096,cg04869206,cg04876451,cg04886703,cg04900785,cg04913443,cg04914305,cg04920270,cg04925824,cg04930469,cg04939294,cg04947578,cg04948627,cg04959815,cg04971418,cg05000748,cg05001908,cg05002041,cg05006231,cg05011232,cg05020775,cg05020822,cg05024413,cg05040544,cg05041145,cg05095774,cg05100916,cg05122605,cg05128992,cg05135213,cg05157171,cg05171367,cg05231098,cg05241025,cg05257479,cg05270119,cg05281338,cg05315865,cg05349062,cg05350358,cg05360402,cg05406635,cg05422897,cg05449217,cg05461259,cg05468351,cg05479582,cg05484920,cg05494465,cg05534678,cg05577902,cg05592035,cg05592363,cg05609414,cg05616754,cg05621343,cg05622441,cg05637536,cg05637795,cg05640069,cg05663122,cg05669285,cg05702448,cg05704155,cg05712403,cg05727959,cg05733026,cg05736236,cg05752819,cg05756109,cg05782078,cg05783854,cg05787931,cg05796321,cg05808815,cg05849857,cg05861071,cg05874478,cg05878337,cg05900347,cg05913197,cg05920090,cg05923184,cg05924191,cg05930162,cg05931265,cg05931684,cg05952120,cg05954989,cg05955675,cg05959525,cg06007320,cg06025835,cg06045225,cg06056004,cg06058923,cg06073094,cg06074314,cg06110578,cg06112779,cg06137672,cg06138195,cg06138422,cg06157335,cg06169648,cg06200777,cg06220161,cg06226283,cg06310844,cg06380355,cg06391107,cg06419771,cg06427502,cg06438404,cg06443863,cg06456512,cg06468476,cg06476093,cg06496078,cg06500355,cg06524479,cg06534285,cg06542686,cg06542865,cg06550102,cg06577251,cg06585708,cg06598631,cg06604058,cg06621373,cg06626599,cg06631310,cg06634950,cg06636685,cg06639788,cg06652315,cg06652850,cg06665941,cg06679003,cg06686029,cg06690633,cg06700871,cg06703332,cg06710900,cg06717492,cg06723301,cg06728098,cg06728674,cg06731730,cg06736685,cg06745235,cg06745957,cg06748231,cg06753227,cg06777853,cg06790019,cg06793581,cg06794263,cg06796825,cg06800444,cg06807989,cg06815976,cg06836181,cg06848185,cg06852575,cg06858186,cg06864005,cg06866657,cg06896619,cg06901526,cg06911519,cg06919790,cg06927324,cg06928838,cg06957130,cg06966660,cg06973234,cg06979550,cg06983551,cg07000551,cg07010359,cg07021777,cg07023327,cg07051329,cg07061579,cg07087156,cg07089783,cg07093111,cg07101354,cg07113322,cg07122172,cg07135797,cg07146119,cg07156929,cg07160044,cg07181902,cg07197864,cg07213548,cg07220085,cg07226679,cg07255356,cg07269724,cg07277818,cg07306881,cg07318453,cg07333905,cg07344583,cg07352798,cg07354253,cg07355551,cg07370646,cg07375367,cg07387199,cg07399355,cg07417284,cg07423602,cg07436753,cg07439409,cg07458698,cg07458712,cg07461160,cg07466433,cg07472772,cg07483523,cg07489134,cg07513383,cg07519721,cg07519873,cg07520141,cg07535605,cg07538946,cg07558287,cg07562458,cg07562483,cg07571970,cg07580707,cg07589166,cg07598522,cg07630649,cg07645461,cg07697662,cg07702548,cg07742134,cg07753245,cg07785225,cg07817097,cg07818830,cg07865517,cg07882184,cg07882382,cg07913310,cg07923305,cg07923459,cg07926482,cg07927839,cg07940793,cg07956936,cg07958926,cg07963361,cg07972541,cg07982935,cg08005943,cg08009993,cg08039701,cg08072980,cg08097417,cg08125682,cg08158076,cg08158524,cg08169394,cg08185661,cg08192350,cg08209163,cg08272731,cg08274589,cg08324115,cg08326301,cg08334153,cg08336300,cg08348387,cg08354699,cg08370718,cg08387285,cg08390021,cg08399230,cg08411512,cg08427928,cg08440521,cg08444731,cg08464824,cg08472559,cg08492707,cg08510077,cg08532834,cg08555460,cg08555653,cg08577341,cg08577517,cg08577743,cg08599294,cg08610201,cg08612601,cg08653403,cg08659621,cg08667777,cg08701515,cg08751265,cg08755283,cg08763126,cg08763433,cg08787268,cg08817168,cg08857201,cg08866402,cg08872741,cg08876479,cg08876591,cg08882650,cg08883955	E092	6.13e-13
5.285	1.52e-16	E093 Fetal Thymus	Fetal Thymus	H3K4me3	E093-H3K4me3.broadPeak.gz	cg00021237,cg00024722,cg00026230,cg00026974,cg00040423,cg00077299,cg00097536,cg00102920,cg00123055,cg00147578,cg00167275,cg00226754,cg00231920,cg00252696,cg00260647,cg00271154,cg00280548,cg00280814,cg00292435,cg00306421,cg00319567,cg00355633,cg00389341,cg00393376,cg00395140,cg00399650,cg00402069,cg00419759,cg00441754,cg00455883,cg00459447,cg00472801,cg00476986,cg00498603,cg00502932,cg00529946,cg00538370,cg00544734,cg00547077,cg00572487,cg00574907,cg00598261,cg00608467,cg00639286,cg00649827,cg00668227,cg00671225,cg00687252,cg00704288,cg00704909,cg00713294,cg00718440,cg00734800,cg00742472,cg00748373,cg00751288,cg00759634,cg00761755,cg00777537,cg00777895,cg00789423,cg00790928,cg00794178,cg00814733,cg00823995,cg00829944,cg00830767,cg00843623,cg00873521,cg00889778,cg00893385,cg00903375,cg00906435,cg00909976,cg00916439,cg00922697,cg00922781,cg00923803,cg00935924,cg00949554,cg00960509,cg00960580,cg00987699,cg00994411,cg01025599,cg01026613,cg01035689,cg01060358,cg01083340,cg01093329,cg01117833,cg01131038,cg01135780,cg01145709,cg01149132,cg01149896,cg01153979,cg01179631,cg01185138,cg01202751,cg01216607,cg01239717,cg01244944,cg01249180,cg01261351,cg01262133,cg01297808,cg01306985,cg01310829,cg01314194,cg01320048,cg01335042,cg01338834,cg01353569,cg01358551,cg01363714,cg01365762,cg01373691,cg01405143,cg01458686,cg01460557,cg01462829,cg01467266,cg01482912,cg01487433,cg01488674,cg01519164,cg01524091,cg01527159,cg01531665,cg01546046,cg01554453,cg01566127,cg01582807,cg01588546,cg01600222,cg01613965,cg01638175,cg01645753,cg01663225,cg01719123,cg01726103,cg01755728,cg01759562,cg01768179,cg01773951,cg01777630,cg01779076,cg01796104,cg01807919,cg01814186,cg01819787,cg01823956,cg01861096,cg01906015,cg01909487,cg01923740,cg01932076,cg01936090,cg01939479,cg01939664,cg01945391,cg01959412,cg01999086,cg02002494,cg02015876,cg02047359,cg02048674,cg02051077,cg02053340,cg02056921,cg02065970,cg02096656,cg02121330,cg02151625,cg02157667,cg02172824,cg02181963,cg02199589,cg02201215,cg02210038,cg02239805,cg02243437,cg02248325,cg02257675,cg02261604,cg02268424,cg02269221,cg02269272,cg02283485,cg02291403,cg02308112,cg02323694,cg02327123,cg02334926,cg02337499,cg02339297,cg02374837,cg02385840,cg02386183,cg02396143,cg02399652,cg02405530,cg02426912,cg02429398,cg02445447,cg02446681,cg02453779,cg02473395,cg02484047,cg02493614,cg02505596,cg02510736,cg02521102,cg02537106,cg02558424,cg02569759,cg02578312,cg02590295,cg02596190,cg02602480,cg02620228,cg02621020,cg02631680,cg02632809,cg02642298,cg02646394,cg02646665,cg02661258,cg02661426,cg02668708,cg02671671,cg02683363,cg02697074,cg02707669,cg02709717,cg02716799,cg02717570,cg02723904,cg02727104,cg02736602,cg02763798,cg02768390,cg02773019,cg02788401,cg02836487,cg02859866,cg02862354,cg02870950,cg02878439,cg02896705,cg02898122,cg02916409,cg02925229,cg02929209,cg02936451,cg02938524,cg02952317,cg02955287,cg02964396,cg02976543,cg02994645,cg02996314,cg03004280,cg03015433,cg03031933,cg03041860,cg03044510,cg03053597,cg03061024,cg03067068,cg03069383,cg03108496,cg03121168,cg03144560,cg03174294,cg03175653,cg03183872,cg03184439,cg03186339,cg03214080,cg03222971,cg03230579,cg03239591,cg03259243,cg03262242,cg03276167,cg03301282,cg03309721,cg03330867,cg03352657,cg03373091,cg03383661,cg03394401,cg03415695,cg03420286,cg03426840,cg03433712,cg03442378,cg03462171,cg03468541,cg03489495,cg03508908,cg03533382,cg03542721,cg03575764,cg03576787,cg03591798,cg03592197,cg03598754,cg03599547,cg03609269,cg03612039,cg03614734,cg03623155,cg03628186,cg03634887,cg03638905,cg03646922,cg03648679,cg03650154,cg03655371,cg03668558,cg03674076,cg03696599,cg03700121,cg03705947,cg03720887,cg03729853,cg03746482,cg03747177,cg03750606,cg03761477,cg03765692,cg03771185,cg03809994,cg03820205,cg03829216,cg03876032,cg03891330,cg03919779,cg03921416,cg03968699,cg03973167,cg03982544,cg03983647,cg04004632,cg04004830,cg04015759,cg04020984,cg04027074,cg04033706,cg04053862,cg04061197,cg04071446,cg04072768,cg04100724,cg04104609,cg04111177,cg04121495,cg04125208,cg04128307,cg04131734,cg04132452,cg04188862,cg04202802,cg04215179,cg04232674,cg04237075,cg04240267,cg04260924,cg04265407,cg04266779,cg04266864,cg04285493,cg04298626,cg04311227,cg04314525,cg04317977,cg04324758,cg04328477,cg04333213,cg04337412,cg04344565,cg04358923,cg04364540,cg04366385,cg04373587,cg04386144,cg04413644,cg04421424,cg04426007,cg04428535,cg04431387,cg04434568,cg04437590,cg04470905,cg04484579,cg04498032,cg04515913,cg04531254,cg04534813,cg04539241,cg04559178,cg04565464,cg04568613,cg04584833,cg04617570,cg04627240,cg04652621,cg04677326,cg04686114,cg04691540,cg04738309,cg04750593,cg04759767,cg04780909,cg04791747,cg04803843,cg04810377,cg04825775,cg04856096,cg04869206,cg04876451,cg04886703,cg04900785,cg04913443,cg04914305,cg04920270,cg04925824,cg04939294,cg04947578,cg04948627,cg04959815,cg04971418,cg05000748,cg05001908,cg05002041,cg05006231,cg05011232,cg05020775,cg05020822,cg05024413,cg05040544,cg05041145,cg05095774,cg05100916,cg05122605,cg05128992,cg05135213,cg05157171,cg05171367,cg05231098,cg05241025,cg05257479,cg05262436,cg05270119,cg05281338,cg05315865,cg05349062,cg05350358,cg05360402,cg05406635,cg05422897,cg05449217,cg05461259,cg05468351,cg05479582,cg05484920,cg05494465,cg05534678,cg05577902,cg05592035,cg05592363,cg05616754,cg05621343,cg05622441,cg05637536,cg05637795,cg05640069,cg05663122,cg05669285,cg05699123,cg05702448,cg05704155,cg05712403,cg05727959,cg05733026,cg05736236,cg05752819,cg05756109,cg05782078,cg05783854,cg05787931,cg05796321,cg05808815,cg05849857,cg05861071,cg05874478,cg05878337,cg05900347,cg05913197,cg05920090,cg05923184,cg05924191,cg05930162,cg05931265,cg05931684,cg05952120,cg05954989,cg05955675,cg05959525,cg06006623,cg06007320,cg06025835,cg06045225,cg06056004,cg06058923,cg06059332,cg06073094,cg06074314,cg06110578,cg06137672,cg06138195,cg06138422,cg06157335,cg06160841,cg06169648,cg06200777,cg06220161,cg06310844,cg06379478,cg06380355,cg06391107,cg06419771,cg06427502,cg06438404,cg06443863,cg06456512,cg06468476,cg06476093,cg06496078,cg06496222,cg06500355,cg06534285,cg06542686,cg06542865,cg06550102,cg06577251,cg06585708,cg06598631,cg06604058,cg06621373,cg06626599,cg06634950,cg06636685,cg06639788,cg06652315,cg06652850,cg06665941,cg06679003,cg06686029,cg06690633,cg06700871,cg06703332,cg06710900,cg06717492,cg06723301,cg06728098,cg06728674,cg06731730,cg06736685,cg06745235,cg06745957,cg06748231,cg06753227,cg06777853,cg06789048,cg06790019,cg06793581,cg06794263,cg06796825,cg06800444,cg06807989,cg06815976,cg06826278,cg06836181,cg06848185,cg06852575,cg06858186,cg06866657,cg06896619,cg06901526,cg06911519,cg06919790,cg06927324,cg06928838,cg06957130,cg06966660,cg06973234,cg06977935,cg06979550,cg06983551,cg07000551,cg07010359,cg07021777,cg07023327,cg07051329,cg07061579,cg07087156,cg07089783,cg07093111,cg07101354,cg07113322,cg07122172,cg07135797,cg07146119,cg07156929,cg07160044,cg07181902,cg07197864,cg07220085,cg07226679,cg07255356,cg07266126,cg07269724,cg07277818,cg07306881,cg07318453,cg07333905,cg07344583,cg07352798,cg07354253,cg07355551,cg07355693,cg07375367,cg07387199,cg07393674,cg07399355,cg07417284,cg07423602,cg07436753,cg07439409,cg07458698,cg07461160,cg07466433,cg07472772,cg07483523,cg07489134,cg07513383,cg07519721,cg07519873,cg07520141,cg07535605,cg07536847,cg07538946,cg07558287,cg07562458,cg07562483,cg07571970,cg07580707,cg07589166,cg07598522,cg07630649,cg07645461,cg07697662,cg07702548,cg07742134,cg07753245,cg07817097,cg07818830,cg07865517,cg07882184,cg07882382,cg07892879,cg07913310,cg07923305,cg07923459,cg07926482,cg07927839,cg07940793,cg07956936,cg07958926,cg07963361,cg07972541,cg07982935,cg08005943,cg08009993,cg08023476,cg08035872,cg08039701,cg08081845,cg08097417,cg08125682,cg08158076,cg08158524,cg08185661,cg08192350,cg08209163,cg08274589,cg08324115,cg08326301,cg08334153,cg08336300,cg08348387,cg08354699,cg08370718,cg08387285,cg08390021,cg08399230,cg08411512,cg08427928,cg08440521,cg08444731,cg08464824,cg08472559,cg08492707,cg08510077,cg08555460,cg08577341,cg08577517,cg08577743,cg08599294,cg08610201,cg08612601,cg08653403,cg08659621,cg08666333,cg08667777,cg08701515,cg08755283,cg08763126,cg08763433,cg08787268,cg08817168,cg08857201,cg08866402,cg08872741,cg08876479,cg08876591,cg08882650,cg08883955	E093	3.16e-15
1.997	2.31e-05	E094 Gastric	Gastric	H3K4me3	E094-H3K4me3.broadPeak.gz	cg00021237,cg00024722,cg00026230,cg00026974,cg00040423,cg00077299,cg00097536,cg00102920,cg00123055,cg00161515,cg00167275,cg00179576,cg00226754,cg00231920,cg00252696,cg00260647,cg00271154,cg00280548,cg00292435,cg00306421,cg00319567,cg00350607,cg00355633,cg00371453,cg00389341,cg00399650,cg00402069,cg00419759,cg00437985,cg00441754,cg00448143,cg00455883,cg00459447,cg00472801,cg00476986,cg00498603,cg00502932,cg00503302,cg00511674,cg00529946,cg00538370,cg00539325,cg00544734,cg00547077,cg00572487,cg00574907,cg00598261,cg00608467,cg00629514,cg00637687,cg00639286,cg00649827,cg00668227,cg00687252,cg00704288,cg00704909,cg00718440,cg00734800,cg00742472,cg00748373,cg00751288,cg00759634,cg00761755,cg00777537,cg00777895,cg00786390,cg00786747,cg00789423,cg00790928,cg00794178,cg00814733,cg00823995,cg00829944,cg00830767,cg00843623,cg00873521,cg00889778,cg00893385,cg00903375,cg00906435,cg00909976,cg00916439,cg00922781,cg00923803,cg00935924,cg00949554,cg00960509,cg00960580,cg00987699,cg00994389,cg00994411,cg01025599,cg01026613,cg01035689,cg01060358,cg01093329,cg01116134,cg01117833,cg01131038,cg01135780,cg01140149,cg01145709,cg01149132,cg01149896,cg01153979,cg01165560,cg01166350,cg01179631,cg01185138,cg01202751,cg01216607,cg01239717,cg01244944,cg01249180,cg01297808,cg01306985,cg01310829,cg01314194,cg01320048,cg01335042,cg01338834,cg01353569,cg01356981,cg01358551,cg01365762,cg01373292,cg01373691,cg01405143,cg01458686,cg01460557,cg01462829,cg01467266,cg01482912,cg01487433,cg01488674,cg01519164,cg01524091,cg01527159,cg01531665,cg01542423,cg01546046,cg01554453,cg01566127,cg01582807,cg01588546,cg01613965,cg01638175,cg01645753,cg01663225,cg01719123,cg01726103,cg01755728,cg01759562,cg01768179,cg01773951,cg01777630,cg01779076,cg01789478,cg01796104,cg01807919,cg01814186,cg01819787,cg01823956,cg01861096,cg01906015,cg01909487,cg01923740,cg01932076,cg01933421,cg01936090,cg01939479,cg01939664,cg01945391,cg01959412,cg01999086,cg02002494,cg02015876,cg02047359,cg02048674,cg02051077,cg02051553,cg02053340,cg02056921,cg02096656,cg02120584,cg02121330,cg02137583,cg02151625,cg02157667,cg02172824,cg02181963,cg02199589,cg02201215,cg02210038,cg02239805,cg02243437,cg02248325,cg02257675,cg02261604,cg02268424,cg02269221,cg02269272,cg02271227,cg02283485,cg02291403,cg02308112,cg02323694,cg02327123,cg02334926,cg02337499,cg02339297,cg02351018,cg02374837,cg02385840,cg02386183,cg02396143,cg02399652,cg02405530,cg02426912,cg02429398,cg02445447,cg02446681,cg02453779,cg02475998,cg02484047,cg02493614,cg02510736,cg02521102,cg02537106,cg02542103,cg02558424,cg02561482,cg02569759,cg02578312,cg02590295,cg02596190,cg02602480,cg02620228,cg02621020,cg02631680,cg02632809,cg02642298,cg02646394,cg02650266,cg02661258,cg02661426,cg02668708,cg02671671,cg02675466,cg02683363,cg02697074,cg02707669,cg02716799,cg02717570,cg02723904,cg02727104,cg02736602,cg02763798,cg02768390,cg02773019,cg02778551,cg02788401,cg02792602,cg02836487,cg02846228,cg02859866,cg02862354,cg02863073,cg02870950,cg02878439,cg02896705,cg02898122,cg02916409,cg02925229,cg02929209,cg02936451,cg02938524,cg02952317,cg02964396,cg02976543,cg02994645,cg02996314,cg03004280,cg03015433,cg03031933,cg03041860,cg03044510,cg03053597,cg03061024,cg03067068,cg03069383,cg03072621,cg03108496,cg03118206,cg03121168,cg03128332,cg03144560,cg03174294,cg03175653,cg03183872,cg03184439,cg03186339,cg03214080,cg03220945,cg03222971,cg03230579,cg03239591,cg03259243,cg03262242,cg03276167,cg03301282,cg03309721,cg03325014,cg03330867,cg03352657,cg03373091,cg03383661,cg03394401,cg03415695,cg03420286,cg03426840,cg03433712,cg03442378,cg03462171,cg03468541,cg03489495,cg03508908,cg03533382,cg03542721,cg03575764,cg03576787,cg03591798,cg03592197,cg03598754,cg03599547,cg03609269,cg03612039,cg03614734,cg03623155,cg03628186,cg03634887,cg03637815,cg03638905,cg03646922,cg03648679,cg03650154,cg03655371,cg03668558,cg03674076,cg03689054,cg03696599,cg03700121,cg03705947,cg03716738,cg03720887,cg03729853,cg03746482,cg03747177,cg03750606,cg03761477,cg03765692,cg03771185,cg03809994,cg03820205,cg03820828,cg03829216,cg03858673,cg03876032,cg03891268,cg03891330,cg03919779,cg03921416,cg03940157,cg03967192,cg03968699,cg03973167,cg03982544,cg03983647,cg04004632,cg04004830,cg04013089,cg04015759,cg04020984,cg04027074,cg04033706,cg04047221,cg04053862,cg04061197,cg04063589,cg04071446,cg04072768,cg04100724,cg04104609,cg04111177,cg04121495,cg04125208,cg04128307,cg04131734,cg04132452,cg04173992,cg04188862,cg04202802,cg04232674,cg04237075,cg04240267,cg04260924,cg04265407,cg04266779,cg04266864,cg04278444,cg04285493,cg04298626,cg04311227,cg04314525,cg04317977,cg04324758,cg04328477,cg04333213,cg04337412,cg04344565,cg04358923,cg04364540,cg04366385,cg04373587,cg04386144,cg04413644,cg04421424,cg04426007,cg04428535,cg04431387,cg04434568,cg04437590,cg04463911,cg04470905,cg04484579,cg04498032,cg04515913,cg04531254,cg04534813,cg04539241,cg04547205,cg04559178,cg04565464,cg04568613,cg04584833,cg04617570,cg04627240,cg04652621,cg04656042,cg04657325,cg04665204,cg04677326,cg04686114,cg04691540,cg04731120,cg04736562,cg04738309,cg04750593,cg04759767,cg04764907,cg04780909,cg04781587,cg04791747,cg04803843,cg04810377,cg04825775,cg04856096,cg04869206,cg04876451,cg04886703,cg04891165,cg04900785,cg04913443,cg04914305,cg04920270,cg04925824,cg04930469,cg04939294,cg04947578,cg04948627,cg04959815,cg04970839,cg04971418,cg05001908,cg05002041,cg05011232,cg05020775,cg05020822,cg05024413,cg05040544,cg05095774,cg05100916,cg05122605,cg05128992,cg05135213,cg05157171,cg05171367,cg05214685,cg05231098,cg05241025,cg05257479,cg05270119,cg05281338,cg05315865,cg05320820,cg05336115,cg05337998,cg05349062,cg05350358,cg05360402,cg05377998,cg05406635,cg05414442,cg05422897,cg05449217,cg05461259,cg05468351,cg05479582,cg05484920,cg05494465,cg05534678,cg05564608,cg05577902,cg05592035,cg05592363,cg05616754,cg05621343,cg05622441,cg05637536,cg05637795,cg05640069,cg05663122,cg05669285,cg05702448,cg05704155,cg05712403,cg05727959,cg05733026,cg05736236,cg05752819,cg05756109,cg05782078,cg05783854,cg05787931,cg05796321,cg05808815,cg05843966,cg05849857,cg05861071,cg05874478,cg05878337,cg05913197,cg05915794,cg05920090,cg05923184,cg05924191,cg05930162,cg05931265,cg05931684,cg05952120,cg05954989,cg05955675,cg05959525,cg05990650,cg05992412,cg06007320,cg06025835,cg06045225,cg06056004,cg06073094,cg06074314,cg06110578,cg06112779,cg06137672,cg06138195,cg06138422,cg06157335,cg06160841,cg06169648,cg06200777,cg06220161,cg06226283,cg06290265,cg06310844,cg06380355,cg06391107,cg06419771,cg06421526,cg06427502,cg06438404,cg06443863,cg06456512,cg06468476,cg06476093,cg06496078,cg06500355,cg06524479,cg06534285,cg06542686,cg06542865,cg06550102,cg06577251,cg06585708,cg06598631,cg06604058,cg06621373,cg06626599,cg06631310,cg06634950,cg06636685,cg06638874,cg06639788,cg06652315,cg06652850,cg06665941,cg06679003,cg06686029,cg06690633,cg06700871,cg06703332,cg06710900,cg06717492,cg06723301,cg06728098,cg06728674,cg06731730,cg06736685,cg06745235,cg06745957,cg06748231,cg06753227,cg06766659,cg06777853,cg06790019,cg06793581,cg06794263,cg06796825,cg06800444,cg06807989,cg06815976,cg06826278,cg06836181,cg06848185,cg06852575,cg06858186,cg06866657,cg06896619,cg06901526,cg06911519,cg06919790,cg06927324,cg06928838,cg06957130,cg06966660,cg06973234,cg06979550,cg06983551,cg07000551,cg07010359,cg07021777,cg07023327,cg07051329,cg07061579,cg07063914,cg07066067,cg07087156,cg07089783,cg07093111,cg07101354,cg07104116,cg07113322,cg07122172,cg07131604,cg07135797,cg07146119,cg07156929,cg07160044,cg07167946,cg07181902,cg07197864,cg07207484,cg07213548,cg07220085,cg07226679,cg07255356,cg07266126,cg07269724,cg07274204,cg07277818,cg07306881,cg07318453,cg07324633,cg07333905,cg07344583,cg07352798,cg07354253,cg07355551,cg07355693,cg07370646,cg07375367,cg07387199,cg07393674,cg07399355,cg07417284,cg07423602,cg07436753,cg07439409,cg07458698,cg07458712,cg07461160,cg07466433,cg07472772,cg07483523,cg07489134,cg07504545,cg07513383,cg07519721,cg07519873,cg07520141,cg07535605,cg07538946,cg07558287,cg07562458,cg07562483,cg07570055,cg07571970,cg07580707,cg07589166,cg07598522,cg07599579,cg07630649,cg07645461,cg07665115,cg07697662,cg07702548,cg07742134,cg07753245,cg07785225,cg07793537,cg07817097,cg07818830,cg07865517,cg07882184,cg07882382,cg07913310,cg07923305,cg07923459,cg07926482,cg07927839,cg07940793,cg07956936,cg07958926,cg07963361,cg07967679,cg07971827,cg07972541,cg07982935,cg08005943,cg08009993,cg08012278,cg08039701,cg08071595,cg08072980,cg08073527,cg08081845,cg08097417,cg08125682,cg08158076,cg08158524,cg08169394,cg08185661,cg08192350,cg08209163,cg08272731,cg08274589,cg08324115,cg08326301,cg08334153,cg08348387,cg08354699,cg08370718,cg08387285,cg08390021,cg08399230,cg08411512,cg08427928,cg08440521,cg08444731,cg08464824,cg08472559,cg08492707,cg08510077,cg08532834,cg08555460,cg08555653,cg08577517,cg08577743,cg08599294,cg08610201,cg08612601,cg08649216,cg08653403,cg08659621,cg08663007,cg08667777,cg08701515,cg08751265,cg08755283,cg08763126,cg08763433,cg08817168,cg08857201,cg08866402,cg08876479,cg08876591,cg08882650,cg08883955	E094	1.06e-04
4.421	3.39e-15	E021 iPS DF 6.9 Cells	IPS cell	H3K4me3	E021-H3K4me3.broadPeak.gz	cg00021237,cg00024722,cg00026230,cg00026974,cg00040423,cg00077299,cg00097536,cg00102920,cg00123055,cg00147578,cg00167275,cg00226754,cg00231920,cg00252696,cg00260647,cg00271154,cg00280548,cg00280814,cg00292435,cg00306421,cg00319567,cg00333870,cg00355633,cg00371453,cg00389341,cg00393376,cg00395140,cg00399650,cg00402069,cg00419759,cg00437985,cg00441754,cg00448143,cg00455883,cg00459447,cg00472801,cg00476986,cg00498603,cg00502932,cg00503302,cg00511674,cg00529946,cg00538370,cg00544734,cg00547077,cg00572487,cg00574907,cg00598261,cg00599266,cg00608467,cg00629514,cg00637687,cg00639286,cg00649827,cg00668227,cg00687252,cg00704288,cg00704909,cg00718440,cg00734800,cg00742472,cg00748373,cg00751288,cg00759634,cg00761755,cg00777537,cg00777895,cg00786747,cg00789423,cg00790928,cg00794178,cg00814733,cg00823995,cg00829944,cg00830767,cg00843623,cg00873521,cg00893385,cg00903375,cg00906435,cg00909976,cg00913521,cg00916439,cg00922781,cg00923803,cg00935924,cg00949554,cg00960509,cg00960580,cg00987699,cg00994411,cg01025599,cg01026613,cg01035689,cg01060358,cg01083340,cg01093329,cg01116134,cg01117833,cg01131038,cg01135780,cg01145709,cg01149132,cg01149896,cg01153979,cg01179631,cg01185138,cg01202751,cg01216607,cg01239717,cg01244944,cg01249180,cg01261351,cg01297808,cg01306985,cg01310829,cg01314194,cg01320048,cg01335042,cg01338834,cg01353569,cg01358551,cg01363714,cg01365762,cg01373292,cg01373691,cg01405143,cg01458686,cg01460557,cg01462829,cg01467266,cg01482912,cg01487433,cg01488674,cg01519164,cg01524091,cg01527159,cg01531665,cg01546046,cg01554453,cg01566127,cg01582807,cg01588546,cg01600222,cg01613965,cg01638175,cg01645753,cg01660676,cg01663225,cg01719123,cg01726103,cg01755728,cg01759562,cg01768179,cg01773951,cg01777630,cg01779076,cg01789478,cg01796104,cg01807919,cg01814186,cg01816191,cg01819787,cg01823956,cg01861096,cg01906015,cg01909487,cg01923740,cg01932076,cg01936090,cg01939479,cg01939664,cg01945391,cg01959412,cg01981108,cg01999086,cg02002494,cg02015876,cg02047359,cg02048674,cg02051077,cg02053340,cg02056921,cg02065970,cg02096656,cg02120584,cg02121330,cg02137583,cg02151625,cg02157667,cg02172824,cg02181963,cg02199589,cg02201215,cg02210038,cg02239805,cg02243437,cg02248325,cg02257675,cg02261604,cg02268424,cg02269221,cg02269272,cg02283485,cg02291403,cg02308112,cg02323694,cg02327123,cg02334926,cg02337499,cg02339297,cg02350644,cg02374837,cg02385840,cg02386183,cg02396143,cg02399652,cg02405530,cg02426912,cg02429398,cg02445447,cg02446681,cg02453779,cg02473395,cg02484047,cg02493614,cg02510736,cg02521102,cg02537106,cg02558424,cg02561482,cg02569759,cg02578312,cg02590295,cg02596190,cg02602480,cg02620228,cg02621020,cg02631680,cg02632809,cg02642298,cg02646394,cg02661258,cg02661426,cg02668708,cg02671671,cg02683363,cg02697074,cg02707669,cg02709717,cg02716799,cg02717570,cg02723904,cg02727104,cg02736602,cg02763798,cg02768390,cg02773019,cg02788401,cg02836487,cg02846228,cg02862354,cg02863073,cg02870950,cg02896705,cg02898122,cg02916409,cg02925229,cg02929209,cg02936451,cg02938524,cg02964396,cg02976543,cg02994645,cg02996314,cg03004280,cg03015433,cg03031933,cg03041860,cg03044510,cg03053597,cg03061024,cg03067068,cg03069383,cg03071924,cg03072621,cg03108496,cg03118206,cg03121168,cg03128332,cg03144560,cg03160466,cg03174294,cg03175653,cg03183872,cg03184439,cg03186339,cg03214080,cg03220945,cg03222971,cg03230579,cg03239591,cg03259243,cg03262242,cg03276167,cg03289801,cg03301282,cg03309721,cg03330867,cg03352657,cg03373091,cg03383661,cg03394401,cg03410772,cg03415695,cg03420286,cg03426840,cg03433712,cg03442378,cg03462171,cg03468541,cg03489495,cg03508908,cg03533382,cg03542721,cg03575764,cg03576787,cg03591798,cg03592197,cg03598754,cg03599547,cg03609269,cg03612039,cg03614734,cg03623155,cg03628186,cg03634887,cg03637815,cg03638905,cg03646922,cg03648679,cg03650154,cg03655371,cg03668558,cg03674076,cg03689054,cg03696599,cg03700121,cg03705947,cg03720887,cg03729853,cg03730280,cg03746482,cg03747177,cg03750606,cg03761477,cg03765692,cg03771185,cg03809994,cg03820205,cg03820828,cg03829216,cg03837726,cg03858673,cg03876032,cg03891330,cg03919779,cg03921416,cg03940157,cg03967192,cg03968699,cg03973167,cg03982544,cg03983647,cg04015759,cg04020984,cg04027074,cg04033706,cg04047221,cg04053862,cg04061197,cg04063589,cg04071446,cg04072768,cg04100724,cg04104609,cg04111177,cg04121495,cg04125208,cg04128307,cg04131734,cg04132452,cg04188862,cg04202802,cg04215179,cg04232674,cg04237075,cg04240267,cg04260924,cg04265407,cg04266779,cg04266864,cg04285493,cg04298626,cg04311227,cg04314525,cg04317977,cg04324758,cg04328477,cg04333213,cg04337412,cg04344565,cg04351185,cg04358923,cg04364540,cg04366385,cg04373587,cg04386144,cg04413644,cg04421424,cg04426007,cg04428535,cg04431387,cg04434568,cg04437590,cg04470905,cg04484579,cg04498032,cg04515913,cg04531254,cg04534813,cg04539241,cg04547205,cg04559178,cg04565464,cg04568613,cg04584833,cg04585390,cg04617570,cg04627240,cg04652621,cg04656042,cg04677326,cg04686114,cg04691540,cg04721302,cg04731120,cg04738309,cg04750593,cg04759767,cg04764907,cg04780909,cg04791747,cg04803843,cg04810377,cg04825775,cg04856096,cg04869206,cg04876451,cg04886703,cg04900785,cg04902542,cg04913443,cg04914305,cg04920270,cg04925824,cg04930469,cg04939294,cg04947578,cg04948627,cg04959815,cg04971418,cg05000748,cg05001908,cg05002041,cg05011232,cg05020775,cg05020822,cg05024413,cg05040544,cg05041145,cg05095774,cg05100916,cg05122605,cg05128992,cg05135213,cg05157171,cg05171367,cg05231098,cg05241025,cg05257479,cg05262436,cg05270119,cg05281338,cg05315865,cg05336115,cg05349062,cg05350358,cg05360402,cg05406635,cg05422897,cg05449217,cg05461259,cg05468351,cg05479582,cg05484920,cg05494465,cg05534678,cg05577902,cg05592035,cg05592363,cg05609414,cg05616754,cg05621343,cg05622441,cg05637536,cg05637795,cg05640069,cg05663122,cg05669285,cg05699123,cg05702448,cg05704155,cg05712403,cg05727959,cg05733026,cg05736236,cg05752819,cg05756109,cg05782078,cg05783854,cg05786840,cg05787931,cg05796321,cg05808815,cg05843966,cg05849857,cg05861071,cg05874478,cg05878337,cg05900347,cg05913197,cg05920090,cg05923184,cg05924191,cg05930162,cg05931265,cg05931684,cg05940231,cg05952120,cg05954989,cg05959525,cg06007320,cg06025835,cg06045225,cg06056004,cg06058923,cg06059332,cg06073094,cg06074314,cg06110578,cg06112779,cg06137672,cg06138195,cg06138422,cg06157335,cg06169648,cg06200777,cg06220161,cg06226283,cg06310844,cg06380355,cg06385874,cg06391107,cg06419771,cg06421526,cg06427502,cg06438404,cg06443863,cg06456512,cg06468476,cg06473181,cg06476093,cg06496078,cg06500355,cg06524479,cg06534285,cg06542686,cg06542865,cg06550102,cg06577251,cg06585708,cg06598631,cg06604058,cg06621373,cg06626599,cg06631310,cg06634950,cg06636685,cg06638874,cg06639788,cg06644634,cg06652315,cg06652850,cg06665941,cg06677120,cg06678902,cg06679003,cg06686029,cg06690633,cg06700871,cg06703332,cg06710900,cg06717492,cg06723301,cg06728098,cg06728674,cg06731730,cg06736685,cg06745235,cg06745957,cg06748231,cg06753227,cg06766659,cg06777853,cg06790019,cg06793581,cg06794263,cg06796825,cg06800444,cg06807989,cg06815976,cg06826278,cg06836181,cg06848185,cg06852575,cg06858186,cg06866657,cg06896619,cg06901526,cg06911519,cg06919790,cg06927324,cg06928838,cg06957130,cg06966660,cg06973234,cg06979550,cg06983551,cg07000551,cg07010359,cg07021777,cg07023327,cg07051329,cg07061579,cg07063914,cg07066067,cg07087156,cg07089783,cg07093111,cg07101354,cg07113322,cg07122172,cg07135797,cg07146119,cg07156929,cg07160044,cg07167946,cg07181902,cg07197864,cg07220085,cg07226679,cg07255356,cg07266126,cg07269724,cg07274204,cg07277818,cg07306881,cg07318453,cg07333905,cg07344583,cg07352798,cg07354253,cg07355551,cg07355693,cg07370646,cg07375367,cg07387199,cg07399355,cg07417284,cg07423602,cg07436753,cg07439409,cg07458698,cg07458712,cg07461160,cg07466433,cg07472772,cg07483523,cg07489134,cg07513383,cg07519721,cg07519873,cg07520141,cg07535605,cg07536847,cg07538946,cg07558287,cg07562458,cg07562483,cg07570055,cg07571970,cg07580707,cg07589166,cg07598522,cg07630649,cg07645461,cg07697662,cg07702548,cg07713849,cg07737810,cg07742134,cg07750813,cg07753245,cg07817097,cg07818830,cg07865517,cg07882184,cg07882382,cg07892879,cg07913310,cg07923305,cg07923459,cg07926482,cg07927839,cg07940793,cg07956936,cg07958926,cg07963361,cg07967679,cg07972541,cg07982935,cg08005943,cg08009993,cg08012278,cg08035872,cg08039701,cg08072980,cg08097417,cg08125682,cg08158076,cg08158524,cg08169394,cg08185661,cg08192350,cg08209163,cg08272731,cg08274589,cg08324115,cg08326301,cg08334153,cg08336300,cg08348387,cg08354699,cg08370718,cg08387285,cg08390021,cg08399230,cg08411512,cg08427928,cg08440521,cg08444731,cg08464824,cg08472559,cg08492707,cg08510077,cg08532834,cg08555460,cg08577341,cg08577517,cg08577743,cg08599294,cg08610201,cg08612601,cg08649216,cg08659621,cg08667777,cg08701515,cg08751265,cg08755283,cg08763126,cg08763433,cg08787268,cg08817168,cg08857201,cg08866402,cg08876591,cg08882650,cg08883955	E021	4.02e-14
2.808	4.39e-08	E022 iPS DF 19.11 Cells	IPS cell	H3K4me3	E022-H3K4me3.broadPeak.gz	cg00021237,cg00024722,cg00026230,cg00026974,cg00040423,cg00077299,cg00097536,cg00102920,cg00123055,cg00167275,cg00226754,cg00231920,cg00252696,cg00260647,cg00271154,cg00280548,cg00280814,cg00292435,cg00306421,cg00319567,cg00355633,cg00371453,cg00389341,cg00399650,cg00402069,cg00419759,cg00437985,cg00441754,cg00448143,cg00455883,cg00459447,cg00472801,cg00476986,cg00498603,cg00502932,cg00503302,cg00511674,cg00529946,cg00538370,cg00544734,cg00547077,cg00572487,cg00574907,cg00598261,cg00608467,cg00629514,cg00637687,cg00639286,cg00649827,cg00668227,cg00687252,cg00704288,cg00704909,cg00718440,cg00734800,cg00742472,cg00748373,cg00751288,cg00759634,cg00761755,cg00777537,cg00777895,cg00786390,cg00786747,cg00789423,cg00790928,cg00794178,cg00814733,cg00823995,cg00829944,cg00830767,cg00843623,cg00873521,cg00893385,cg00903375,cg00906435,cg00909976,cg00913521,cg00916439,cg00922781,cg00923803,cg00935924,cg00949554,cg00960509,cg00960580,cg00987699,cg00994411,cg01025599,cg01026613,cg01035689,cg01047040,cg01060358,cg01083340,cg01093329,cg01117833,cg01131038,cg01135780,cg01145709,cg01149132,cg01149896,cg01153979,cg01166350,cg01179631,cg01185138,cg01202751,cg01216607,cg01239717,cg01244944,cg01249180,cg01261351,cg01279426,cg01297808,cg01306985,cg01310829,cg01314194,cg01320048,cg01335042,cg01338834,cg01353569,cg01358551,cg01363714,cg01365762,cg01373292,cg01373691,cg01405143,cg01458686,cg01460557,cg01462829,cg01467266,cg01482912,cg01487433,cg01488674,cg01519164,cg01524091,cg01527159,cg01531665,cg01546046,cg01554453,cg01566127,cg01582807,cg01588546,cg01600222,cg01613965,cg01638175,cg01645753,cg01660676,cg01663225,cg01719123,cg01726103,cg01755728,cg01759562,cg01768179,cg01773951,cg01777630,cg01779076,cg01789478,cg01796104,cg01807919,cg01814186,cg01819787,cg01823956,cg01861096,cg01906015,cg01909487,cg01923740,cg01932076,cg01936090,cg01939479,cg01939664,cg01945391,cg01959412,cg01999086,cg02002494,cg02015876,cg02047359,cg02048674,cg02051077,cg02053340,cg02056921,cg02096656,cg02120584,cg02121330,cg02151625,cg02157667,cg02172824,cg02181963,cg02187712,cg02199589,cg02201215,cg02239805,cg02243437,cg02248325,cg02257675,cg02261604,cg02268424,cg02269221,cg02269272,cg02283485,cg02291403,cg02297747,cg02308112,cg02323694,cg02327123,cg02334926,cg02337499,cg02339297,cg02350644,cg02374837,cg02385840,cg02386183,cg02396143,cg02399652,cg02405530,cg02426912,cg02429398,cg02445447,cg02446681,cg02453779,cg02473395,cg02475998,cg02484047,cg02493614,cg02510736,cg02521102,cg02537106,cg02542103,cg02558424,cg02561482,cg02569759,cg02578312,cg02590295,cg02596190,cg02602480,cg02619495,cg02620228,cg02621020,cg02631680,cg02632809,cg02642298,cg02646394,cg02650266,cg02661258,cg02661426,cg02668708,cg02671671,cg02675466,cg02683363,cg02697074,cg02707669,cg02709717,cg02716799,cg02717570,cg02723904,cg02727104,cg02736602,cg02763798,cg02773019,cg02778551,cg02788401,cg02836487,cg02846228,cg02862354,cg02863073,cg02870950,cg02877856,cg02878439,cg02896705,cg02898122,cg02916409,cg02925229,cg02929209,cg02936451,cg02938524,cg02964396,cg02976543,cg02994645,cg02996314,cg03004280,cg03015433,cg03031933,cg03041860,cg03044510,cg03053597,cg03061024,cg03067068,cg03069383,cg03071924,cg03072621,cg03108496,cg03118206,cg03121168,cg03128332,cg03144560,cg03160466,cg03174294,cg03175653,cg03181118,cg03183872,cg03184439,cg03186339,cg03214080,cg03220945,cg03222971,cg03230579,cg03239591,cg03259243,cg03262242,cg03276167,cg03301282,cg03309721,cg03330867,cg03352657,cg03373091,cg03383661,cg03394401,cg03410772,cg03415695,cg03420286,cg03426840,cg03433712,cg03442378,cg03462171,cg03468541,cg03489495,cg03508908,cg03533382,cg03542721,cg03555487,cg03575764,cg03576787,cg03591798,cg03592197,cg03598754,cg03599547,cg03609269,cg03612039,cg03614734,cg03623155,cg03628186,cg03634887,cg03637815,cg03638905,cg03644750,cg03646922,cg03648679,cg03650154,cg03655371,cg03668558,cg03674076,cg03689054,cg03696599,cg03700121,cg03705947,cg03720887,cg03746482,cg03747177,cg03750606,cg03761477,cg03765692,cg03771185,cg03809994,cg03820205,cg03820828,cg03858673,cg03876032,cg03891330,cg03919779,cg03921416,cg03940157,cg03967192,cg03968699,cg03973167,cg03982544,cg03983647,cg04004632,cg04013089,cg04015759,cg04020984,cg04027074,cg04033706,cg04053862,cg04061197,cg04063589,cg04071446,cg04072768,cg04100724,cg04104609,cg04111177,cg04121495,cg04125208,cg04128307,cg04131734,cg04132452,cg04188862,cg04202802,cg04232674,cg04237075,cg04240267,cg04260924,cg04265407,cg04266779,cg04266864,cg04278444,cg04285493,cg04298626,cg04311227,cg04314525,cg04317977,cg04324758,cg04328477,cg04331511,cg04333213,cg04337412,cg04344565,cg04358923,cg04364540,cg04366385,cg04373587,cg04386144,cg04413644,cg04421424,cg04426007,cg04428535,cg04431387,cg04434568,cg04437590,cg04454285,cg04463911,cg04470905,cg04484579,cg04498032,cg04515913,cg04531254,cg04534813,cg04539241,cg04547205,cg04559178,cg04565464,cg04568613,cg04584833,cg04585390,cg04617570,cg04627240,cg04652621,cg04656042,cg04677326,cg04686114,cg04691540,cg04721302,cg04738309,cg04750593,cg04759767,cg04764907,cg04780909,cg04791747,cg04803843,cg04810377,cg04825775,cg04856096,cg04869206,cg04876451,cg04886703,cg04900785,cg04902542,cg04913443,cg04914305,cg04920270,cg04925824,cg04930469,cg04939294,cg04947578,cg04948627,cg04959815,cg04970839,cg04971418,cg05000748,cg05001908,cg05002041,cg05006231,cg05011232,cg05020775,cg05020822,cg05024413,cg05040544,cg05041145,cg05095774,cg05100916,cg05122605,cg05128992,cg05135213,cg05157171,cg05171367,cg05214685,cg05231098,cg05241025,cg05257479,cg05262436,cg05270119,cg05281338,cg05315865,cg05320820,cg05336115,cg05349062,cg05350358,cg05360402,cg05377998,cg05406635,cg05414442,cg05422897,cg05449217,cg05461259,cg05468351,cg05479582,cg05484920,cg05494465,cg05534678,cg05577902,cg05592035,cg05592363,cg05609414,cg05616754,cg05621343,cg05622441,cg05637536,cg05637795,cg05640069,cg05663122,cg05669285,cg05702448,cg05704155,cg05712403,cg05727959,cg05733026,cg05736236,cg05752819,cg05756109,cg05782078,cg05783854,cg05786840,cg05787931,cg05796321,cg05808815,cg05849857,cg05861071,cg05874478,cg05878337,cg05900347,cg05913197,cg05915794,cg05920090,cg05923184,cg05924191,cg05930162,cg05931265,cg05931684,cg05940231,cg05952120,cg05954989,cg05955675,cg05959525,cg05992412,cg06007320,cg06025835,cg06045225,cg06056004,cg06059332,cg06073094,cg06074314,cg06110578,cg06112779,cg06128043,cg06137672,cg06138422,cg06157335,cg06169648,cg06200777,cg06220161,cg06226283,cg06310844,cg06380355,cg06391107,cg06419771,cg06427502,cg06438404,cg06443863,cg06456512,cg06468476,cg06473181,cg06476093,cg06496078,cg06500355,cg06524479,cg06534285,cg06542686,cg06542865,cg06550102,cg06577251,cg06585708,cg06598631,cg06604058,cg06621373,cg06626599,cg06631310,cg06634950,cg06636685,cg06639788,cg06652315,cg06652850,cg06665941,cg06677120,cg06678902,cg06679003,cg06686029,cg06690633,cg06700871,cg06703332,cg06710900,cg06717492,cg06723301,cg06728098,cg06728674,cg06731730,cg06736685,cg06745235,cg06745957,cg06748231,cg06753227,cg06766659,cg06777853,cg06790019,cg06793581,cg06794263,cg06796825,cg06800444,cg06807989,cg06815976,cg06826278,cg06830415,cg06836181,cg06848185,cg06852575,cg06858186,cg06864005,cg06866657,cg06896619,cg06901526,cg06911519,cg06919790,cg06927324,cg06928838,cg06957130,cg06966660,cg06973234,cg06979550,cg06983551,cg07000551,cg07010359,cg07021777,cg07023327,cg07051329,cg07061579,cg07087156,cg07089783,cg07093111,cg07104116,cg07113322,cg07122172,cg07146119,cg07156929,cg07160044,cg07167946,cg07181902,cg07197864,cg07213548,cg07220085,cg07226679,cg07255356,cg07266126,cg07269724,cg07274204,cg07277818,cg07306881,cg07318453,cg07333905,cg07344583,cg07352798,cg07354253,cg07355551,cg07355693,cg07370646,cg07375367,cg07387199,cg07393674,cg07399355,cg07417284,cg07423602,cg07436753,cg07439409,cg07458698,cg07458712,cg07461160,cg07466433,cg07472772,cg07483523,cg07489134,cg07504545,cg07513383,cg07519721,cg07519873,cg07520141,cg07535605,cg07536847,cg07538946,cg07558287,cg07562458,cg07562483,cg07570055,cg07571970,cg07580707,cg07589166,cg07598522,cg07630649,cg07645461,cg07697662,cg07702548,cg07713849,cg07742134,cg07753245,cg07793537,cg07817097,cg07818830,cg07865517,cg07882184,cg07882382,cg07892879,cg07913310,cg07923305,cg07923459,cg07926482,cg07927839,cg07940793,cg07956936,cg07958926,cg07963361,cg07967679,cg07972541,cg07982935,cg08005943,cg08009993,cg08012278,cg08039701,cg08072980,cg08081845,cg08097417,cg08125682,cg08158076,cg08158524,cg08169394,cg08185661,cg08192350,cg08209163,cg08272731,cg08274589,cg08324115,cg08326301,cg08334153,cg08348387,cg08351017,cg08354699,cg08370718,cg08387285,cg08390021,cg08399230,cg08411512,cg08427928,cg08440521,cg08444731,cg08450752,cg08464824,cg08472559,cg08492707,cg08510077,cg08532834,cg08555460,cg08555653,cg08577341,cg08577517,cg08577743,cg08599294,cg08610201,cg08612601,cg08659621,cg08667777,cg08701515,cg08751265,cg08755283,cg08763126,cg08763433,cg08787268,cg08817168,cg08857201,cg08866402,cg08872741,cg08876479,cg08876591,cg08882650,cg08883955	E022	2.27e-07
5.478	7.43e-16	E017 IMR90 fetal lung fibroblasts Cell Line	Lung	H3K4me3	E017-H3K4me3.broadPeak.gz	cg00021237,cg00024722,cg00026230,cg00026974,cg00040423,cg00077299,cg00097536,cg00102920,cg00123055,cg00147578,cg00167275,cg00226754,cg00231920,cg00252696,cg00260647,cg00271154,cg00280548,cg00292435,cg00306421,cg00319567,cg00320345,cg00355633,cg00389341,cg00393376,cg00395140,cg00399650,cg00402069,cg00419759,cg00437985,cg00441754,cg00455883,cg00459447,cg00476986,cg00498603,cg00502932,cg00529946,cg00538370,cg00544734,cg00547077,cg00572487,cg00574907,cg00598261,cg00608467,cg00629514,cg00637687,cg00639286,cg00649827,cg00668227,cg00687252,cg00704288,cg00704909,cg00718440,cg00734800,cg00742472,cg00748373,cg00751288,cg00761755,cg00777537,cg00777895,cg00789423,cg00790928,cg00794178,cg00814733,cg00823995,cg00829944,cg00830767,cg00843623,cg00873521,cg00893385,cg00903375,cg00906435,cg00909976,cg00916439,cg00922781,cg00923803,cg00935924,cg00949554,cg00960509,cg00960580,cg00987699,cg00994411,cg01025599,cg01026613,cg01035689,cg01060358,cg01083340,cg01093329,cg01117833,cg01131038,cg01135780,cg01145709,cg01149132,cg01149896,cg01153979,cg01179631,cg01185138,cg01202751,cg01216607,cg01239717,cg01244944,cg01249180,cg01297808,cg01306985,cg01310829,cg01314194,cg01335042,cg01338834,cg01353569,cg01358551,cg01363714,cg01365762,cg01373292,cg01373691,cg01405143,cg01458686,cg01460557,cg01462829,cg01482912,cg01487433,cg01488674,cg01519164,cg01524091,cg01527159,cg01531665,cg01546046,cg01554453,cg01566127,cg01582807,cg01588546,cg01613965,cg01638175,cg01645753,cg01663225,cg01719123,cg01726103,cg01755728,cg01759562,cg01768179,cg01773951,cg01777630,cg01779076,cg01796104,cg01807919,cg01814186,cg01819787,cg01823956,cg01861096,cg01906015,cg01909487,cg01923740,cg01932076,cg01936090,cg01939479,cg01939664,cg01945391,cg01959412,cg01999086,cg02002494,cg02015876,cg02047359,cg02048674,cg02051077,cg02053340,cg02056921,cg02096656,cg02121330,cg02151625,cg02157667,cg02172824,cg02181963,cg02199589,cg02201215,cg02239805,cg02243437,cg02248325,cg02257675,cg02261604,cg02268424,cg02269221,cg02269272,cg02283485,cg02297747,cg02308112,cg02323694,cg02327123,cg02334926,cg02337499,cg02339297,cg02350644,cg02374837,cg02385840,cg02386183,cg02396143,cg02399652,cg02405530,cg02426912,cg02429398,cg02445447,cg02446681,cg02453779,cg02473395,cg02484047,cg02493614,cg02510736,cg02537106,cg02558424,cg02569759,cg02578312,cg02590295,cg02596190,cg02602480,cg02620228,cg02621020,cg02631680,cg02642298,cg02646394,cg02661258,cg02661426,cg02668708,cg02671671,cg02683363,cg02697074,cg02707669,cg02709717,cg02716799,cg02717570,cg02723904,cg02736602,cg02763798,cg02773019,cg02788401,cg02792602,cg02836487,cg02859866,cg02862354,cg02870950,cg02878439,cg02896705,cg02898122,cg02916409,cg02925229,cg02929209,cg02936451,cg02938524,cg02964396,cg02976543,cg02994645,cg02996314,cg03004280,cg03015433,cg03031933,cg03041860,cg03044510,cg03053597,cg03061024,cg03067068,cg03069383,cg03108496,cg03118206,cg03121168,cg03128332,cg03144560,cg03174294,cg03175653,cg03183872,cg03184439,cg03186339,cg03214080,cg03220945,cg03222971,cg03230579,cg03239591,cg03259243,cg03262242,cg03276167,cg03301282,cg03309721,cg03330867,cg03352657,cg03373091,cg03383661,cg03394401,cg03415695,cg03420286,cg03426840,cg03433712,cg03462171,cg03468541,cg03489495,cg03508908,cg03533382,cg03542721,cg03575764,cg03576787,cg03591798,cg03592197,cg03599547,cg03609269,cg03612039,cg03614734,cg03623155,cg03628186,cg03634887,cg03637815,cg03638905,cg03646922,cg03648679,cg03650154,cg03668558,cg03674076,cg03689054,cg03700121,cg03705947,cg03720887,cg03729853,cg03746482,cg03747177,cg03750606,cg03761477,cg03765692,cg03771185,cg03809994,cg03820205,cg03820828,cg03891330,cg03919779,cg03921416,cg03967192,cg03968699,cg03973167,cg03982544,cg03983647,cg04004830,cg04015759,cg04020984,cg04027074,cg04033706,cg04053862,cg04061197,cg04063589,cg04071446,cg04072768,cg04100724,cg04104609,cg04111177,cg04121495,cg04125208,cg04128307,cg04131734,cg04173992,cg04202802,cg04215179,cg04232674,cg04237075,cg04240267,cg04260924,cg04265407,cg04266779,cg04266864,cg04298626,cg04311227,cg04314525,cg04317977,cg04324758,cg04331511,cg04333213,cg04337412,cg04358923,cg04364540,cg04366385,cg04373587,cg04386144,cg04413644,cg04421424,cg04426007,cg04428535,cg04431387,cg04434568,cg04437590,cg04470905,cg04484579,cg04498032,cg04515913,cg04531254,cg04534813,cg04539241,cg04547205,cg04559178,cg04565464,cg04568613,cg04584833,cg04617570,cg04627240,cg04652621,cg04656042,cg04657325,cg04677326,cg04686114,cg04691540,cg04731120,cg04738309,cg04750593,cg04780909,cg04791747,cg04803843,cg04810377,cg04825775,cg04856096,cg04869206,cg04876451,cg04886703,cg04900785,cg04913443,cg04914305,cg04920270,cg04925824,cg04930469,cg04939294,cg04947578,cg04948627,cg04959815,cg04971418,cg05000748,cg05001908,cg05002041,cg05011232,cg05020775,cg05020822,cg05024413,cg05040544,cg05041145,cg05095774,cg05100916,cg05122605,cg05128992,cg05135213,cg05157171,cg05171367,cg05231098,cg05241025,cg05257479,cg05270119,cg05281338,cg05315865,cg05350358,cg05360402,cg05406635,cg05414442,cg05422897,cg05449217,cg05461259,cg05468351,cg05479582,cg05484920,cg05494465,cg05534678,cg05577902,cg05592363,cg05609414,cg05616754,cg05621343,cg05622441,cg05637795,cg05640069,cg05663122,cg05669285,cg05702448,cg05704155,cg05712403,cg05727959,cg05733026,cg05736236,cg05752819,cg05756109,cg05782078,cg05783854,cg05786840,cg05787931,cg05796321,cg05808815,cg05849857,cg05861071,cg05874478,cg05878337,cg05913197,cg05920090,cg05923184,cg05924191,cg05930162,cg05931265,cg05931684,cg05952120,cg05954989,cg05955675,cg05959525,cg06007320,cg06025835,cg06045225,cg06056004,cg06058923,cg06073094,cg06074314,cg06110578,cg06112779,cg06137672,cg06138195,cg06138422,cg06157335,cg06169648,cg06200777,cg06220161,cg06226283,cg06310844,cg06380355,cg06391107,cg06419771,cg06427502,cg06438404,cg06443863,cg06456512,cg06468476,cg06476093,cg06496078,cg06500355,cg06524479,cg06534285,cg06542686,cg06542865,cg06550102,cg06577251,cg06598631,cg06604058,cg06621373,cg06626599,cg06634950,cg06636685,cg06639788,cg06652850,cg06665941,cg06679003,cg06686029,cg06690633,cg06700871,cg06710900,cg06717492,cg06723301,cg06728098,cg06728674,cg06731730,cg06736685,cg06745235,cg06745957,cg06748231,cg06753227,cg06766659,cg06777853,cg06790019,cg06793581,cg06794263,cg06796825,cg06800444,cg06807989,cg06815976,cg06836181,cg06848185,cg06852575,cg06858186,cg06864005,cg06866657,cg06896619,cg06901526,cg06911519,cg06919790,cg06927324,cg06928838,cg06957130,cg06966660,cg06973234,cg06979550,cg06983551,cg07000551,cg07010359,cg07021777,cg07023327,cg07051329,cg07061579,cg07087156,cg07089783,cg07093111,cg07113322,cg07122172,cg07135797,cg07146119,cg07156929,cg07160044,cg07181902,cg07197864,cg07220085,cg07226679,cg07255356,cg07266126,cg07269724,cg07277818,cg07306881,cg07318453,cg07324633,cg07333905,cg07344583,cg07352798,cg07354253,cg07355551,cg07370646,cg07375367,cg07387199,cg07399355,cg07417284,cg07423602,cg07436753,cg07439409,cg07458698,cg07458712,cg07461160,cg07466433,cg07472772,cg07483523,cg07489134,cg07513383,cg07519721,cg07519873,cg07520141,cg07535605,cg07538946,cg07558287,cg07562458,cg07562483,cg07570055,cg07571970,cg07580707,cg07589166,cg07598522,cg07630649,cg07645461,cg07697662,cg07702548,cg07742134,cg07753245,cg07817097,cg07818830,cg07865517,cg07882184,cg07882382,cg07913310,cg07923305,cg07923459,cg07926482,cg07927839,cg07940793,cg07956936,cg07958926,cg07963361,cg07972541,cg07982935,cg08005943,cg08009993,cg08039701,cg08097417,cg08125682,cg08158076,cg08158524,cg08169394,cg08185661,cg08192350,cg08209163,cg08272731,cg08274589,cg08326301,cg08334153,cg08336300,cg08348387,cg08354699,cg08370718,cg08387285,cg08390021,cg08399230,cg08411512,cg08427928,cg08440521,cg08444731,cg08464824,cg08472559,cg08492707,cg08510077,cg08532834,cg08555460,cg08577341,cg08577517,cg08577743,cg08599294,cg08610201,cg08612601,cg08653403,cg08659621,cg08667777,cg08701515,cg08755283,cg08763126,cg08763433,cg08787268,cg08817168,cg08857201,cg08866402,cg08872741,cg08876479,cg08876591,cg08882650,cg08883955	E017	1.12e-14
5.179	1.62e-15	E097 Ovary	Ovary	H3K4me3	E097-H3K4me3.broadPeak.gz	cg00021237,cg00024722,cg00026230,cg00026974,cg00040423,cg00077299,cg00097536,cg00102920,cg00123055,cg00147578,cg00167275,cg00226754,cg00231920,cg00252696,cg00260647,cg00271154,cg00280548,cg00292435,cg00306421,cg00319567,cg00320345,cg00355633,cg00371453,cg00389341,cg00393376,cg00399650,cg00402069,cg00419759,cg00437985,cg00441754,cg00455883,cg00459447,cg00472801,cg00476986,cg00498603,cg00502932,cg00503302,cg00529946,cg00538370,cg00544734,cg00547077,cg00572487,cg00574907,cg00598261,cg00599702,cg00608467,cg00637687,cg00639286,cg00649827,cg00668227,cg00687252,cg00704288,cg00704909,cg00718440,cg00734800,cg00742472,cg00748373,cg00751288,cg00759634,cg00761755,cg00777537,cg00777895,cg00789423,cg00790928,cg00794178,cg00814733,cg00823995,cg00829944,cg00830767,cg00843623,cg00873521,cg00893385,cg00903375,cg00906435,cg00909976,cg00916439,cg00922781,cg00923803,cg00935924,cg00949554,cg00960509,cg00960580,cg00987699,cg00994411,cg01025599,cg01026613,cg01035689,cg01060358,cg01083340,cg01093329,cg01117833,cg01131038,cg01135780,cg01145709,cg01149132,cg01149896,cg01153979,cg01158415,cg01179631,cg01185138,cg01202751,cg01216607,cg01239717,cg01244944,cg01249180,cg01297808,cg01306985,cg01310829,cg01314194,cg01320048,cg01335042,cg01338834,cg01353569,cg01358551,cg01363714,cg01365762,cg01373292,cg01373691,cg01393327,cg01405143,cg01458686,cg01460557,cg01462829,cg01467266,cg01482912,cg01487433,cg01488674,cg01519164,cg01524091,cg01527159,cg01531665,cg01546046,cg01554453,cg01566127,cg01582807,cg01588546,cg01613965,cg01638175,cg01645753,cg01663225,cg01719123,cg01726103,cg01755728,cg01759562,cg01768179,cg01773951,cg01777630,cg01779076,cg01789478,cg01796104,cg01807919,cg01814186,cg01819787,cg01823956,cg01861096,cg01906015,cg01909487,cg01923740,cg01932076,cg01936090,cg01939479,cg01939664,cg01945391,cg01959412,cg01999086,cg02002494,cg02015876,cg02047359,cg02048674,cg02051077,cg02053340,cg02056921,cg02096656,cg02120584,cg02121330,cg02151625,cg02157667,cg02172824,cg02181963,cg02199589,cg02201215,cg02239805,cg02243437,cg02248325,cg02257675,cg02261604,cg02268424,cg02269221,cg02269272,cg02283485,cg02291403,cg02308112,cg02323694,cg02327123,cg02334926,cg02337499,cg02339297,cg02350644,cg02374837,cg02385840,cg02386183,cg02396143,cg02399652,cg02405530,cg02426912,cg02429398,cg02445447,cg02446681,cg02453779,cg02473395,cg02484047,cg02493614,cg02510736,cg02521102,cg02537106,cg02542103,cg02558424,cg02569759,cg02578312,cg02590295,cg02596190,cg02602480,cg02620228,cg02621020,cg02631680,cg02642298,cg02661258,cg02661426,cg02668708,cg02671671,cg02683363,cg02697074,cg02707669,cg02716799,cg02717570,cg02723904,cg02727104,cg02736602,cg02763798,cg02768390,cg02773019,cg02788401,cg02792602,cg02836487,cg02859866,cg02862354,cg02870950,cg02878439,cg02896705,cg02898122,cg02916409,cg02925229,cg02929209,cg02936451,cg02938524,cg02964396,cg02976543,cg02994645,cg02996314,cg03004280,cg03015433,cg03031933,cg03041860,cg03044510,cg03053597,cg03061024,cg03067068,cg03069383,cg03108496,cg03118206,cg03121168,cg03128332,cg03144560,cg03160466,cg03174294,cg03175653,cg03183872,cg03184439,cg03186339,cg03214080,cg03220945,cg03222971,cg03230579,cg03239591,cg03259243,cg03262242,cg03276167,cg03301282,cg03309721,cg03330867,cg03352657,cg03353863,cg03383661,cg03394401,cg03415695,cg03420286,cg03426840,cg03433712,cg03442378,cg03462171,cg03468541,cg03489495,cg03508908,cg03533382,cg03542721,cg03575764,cg03576787,cg03591798,cg03592197,cg03598754,cg03599547,cg03609269,cg03612039,cg03614734,cg03623155,cg03628186,cg03634887,cg03637815,cg03638905,cg03646922,cg03648679,cg03650154,cg03668558,cg03674076,cg03689054,cg03700121,cg03705947,cg03720887,cg03729853,cg03746482,cg03747177,cg03750606,cg03761477,cg03765692,cg03771185,cg03809994,cg03820205,cg03891330,cg03919779,cg03921416,cg03940157,cg03967192,cg03968699,cg03973167,cg03982544,cg03983647,cg04004632,cg04004830,cg04015759,cg04020984,cg04027074,cg04033706,cg04047221,cg04053862,cg04061197,cg04063589,cg04071446,cg04072768,cg04100724,cg04104609,cg04111177,cg04121495,cg04125208,cg04128307,cg04131734,cg04132452,cg04173992,cg04202802,cg04215179,cg04232674,cg04237075,cg04240267,cg04260924,cg04265407,cg04266779,cg04266864,cg04298626,cg04311227,cg04314525,cg04317977,cg04324758,cg04328477,cg04333213,cg04337412,cg04344565,cg04349117,cg04358923,cg04364540,cg04366385,cg04373587,cg04386144,cg04413644,cg04421424,cg04426007,cg04428535,cg04431387,cg04434568,cg04437590,cg04470905,cg04484579,cg04498032,cg04531254,cg04534813,cg04539241,cg04547205,cg04559178,cg04565464,cg04568613,cg04584833,cg04617570,cg04627240,cg04652621,cg04656042,cg04677326,cg04686114,cg04691540,cg04714638,cg04731120,cg04738309,cg04750593,cg04764907,cg04780909,cg04791747,cg04803843,cg04810377,cg04825775,cg04856096,cg04869206,cg04876451,cg04886703,cg04891165,cg04900785,cg04913443,cg04920270,cg04925824,cg04930469,cg04939294,cg04947578,cg04948627,cg04959815,cg04971418,cg05001908,cg05002041,cg05011232,cg05020775,cg05020822,cg05024413,cg05040544,cg05041145,cg05095774,cg05100916,cg05122605,cg05128992,cg05135213,cg05157171,cg05171367,cg05231098,cg05241025,cg05257479,cg05262436,cg05270119,cg05281338,cg05315865,cg05336115,cg05349062,cg05350358,cg05360402,cg05406635,cg05422897,cg05449217,cg05461259,cg05468351,cg05479582,cg05484920,cg05494465,cg05534678,cg05577902,cg05592363,cg05616754,cg05621343,cg05622441,cg05637536,cg05637795,cg05640069,cg05663122,cg05669285,cg05702448,cg05704155,cg05712403,cg05727959,cg05733026,cg05736236,cg05740793,cg05752819,cg05756109,cg05782078,cg05783854,cg05786840,cg05787931,cg05796321,cg05808815,cg05849857,cg05861071,cg05874478,cg05878337,cg05900347,cg05913197,cg05920090,cg05923184,cg05924191,cg05930162,cg05931265,cg05931684,cg05952120,cg05954989,cg05955675,cg05959525,cg05990650,cg06007320,cg06025835,cg06045225,cg06056004,cg06058923,cg06059332,cg06073094,cg06074314,cg06110578,cg06112779,cg06137672,cg06138195,cg06138422,cg06157335,cg06169648,cg06200777,cg06220161,cg06226283,cg06310844,cg06380355,cg06385874,cg06391107,cg06419771,cg06427502,cg06438404,cg06443863,cg06456512,cg06468476,cg06476093,cg06496078,cg06500355,cg06524479,cg06534285,cg06542686,cg06542865,cg06550102,cg06577251,cg06598631,cg06604058,cg06621373,cg06626599,cg06634950,cg06636685,cg06639788,cg06652315,cg06652850,cg06665941,cg06679003,cg06686029,cg06690633,cg06700871,cg06703332,cg06710900,cg06717492,cg06723301,cg06728098,cg06728674,cg06731730,cg06736685,cg06745235,cg06745957,cg06748231,cg06753227,cg06766659,cg06777853,cg06789048,cg06790019,cg06793581,cg06794263,cg06796825,cg06800444,cg06807989,cg06815976,cg06836181,cg06848185,cg06852575,cg06858186,cg06864005,cg06866657,cg06896619,cg06901526,cg06911519,cg06919790,cg06927324,cg06928838,cg06957130,cg06966660,cg06973234,cg06979550,cg06983551,cg07000551,cg07010359,cg07021777,cg07023327,cg07051329,cg07061579,cg07087156,cg07089783,cg07093111,cg07094915,cg07104116,cg07113322,cg07122172,cg07146119,cg07156929,cg07160044,cg07167946,cg07181902,cg07197864,cg07213548,cg07220085,cg07226679,cg07255356,cg07269724,cg07277818,cg07306881,cg07318453,cg07333905,cg07344583,cg07352798,cg07354253,cg07355551,cg07355693,cg07370646,cg07375367,cg07387199,cg07417284,cg07423602,cg07436753,cg07439409,cg07458698,cg07458712,cg07461160,cg07466433,cg07472772,cg07489134,cg07513383,cg07519721,cg07519873,cg07520141,cg07535605,cg07536847,cg07538946,cg07558287,cg07562458,cg07562483,cg07570055,cg07571970,cg07580707,cg07589166,cg07598522,cg07630649,cg07645461,cg07697662,cg07702548,cg07742134,cg07753245,cg07817097,cg07818830,cg07882382,cg07913310,cg07923305,cg07923459,cg07926482,cg07927839,cg07940793,cg07956936,cg07958926,cg07963361,cg07972541,cg07982935,cg08005943,cg08009993,cg08039701,cg08097417,cg08125682,cg08158076,cg08158524,cg08169394,cg08185661,cg08192350,cg08209163,cg08272731,cg08274589,cg08326301,cg08334153,cg08336300,cg08348387,cg08354699,cg08370718,cg08387285,cg08390021,cg08399230,cg08411512,cg08427928,cg08440521,cg08444731,cg08464824,cg08472559,cg08492707,cg08510077,cg08532834,cg08555653,cg08577341,cg08577517,cg08577743,cg08599294,cg08610201,cg08612601,cg08653403,cg08659621,cg08667777,cg08701515,cg08755283,cg08763126,cg08763433,cg08817168,cg08857201,cg08866402,cg08872741,cg08876479,cg08876591,cg08882650,cg08883955	E097	2.06e-14
2.950	4.25e-08	E098 Pancreas	Pancreas	H3K4me3	E098-H3K4me3.broadPeak.gz	cg00021237,cg00024722,cg00026230,cg00026974,cg00040423,cg00077299,cg00097536,cg00102920,cg00123055,cg00147578,cg00161515,cg00167275,cg00226754,cg00231920,cg00252696,cg00260647,cg00271154,cg00280548,cg00292435,cg00306421,cg00319567,cg00320345,cg00350607,cg00355633,cg00371453,cg00389341,cg00395140,cg00399650,cg00402069,cg00419759,cg00437985,cg00441754,cg00448143,cg00455883,cg00459447,cg00472801,cg00476986,cg00498603,cg00502932,cg00503302,cg00514514,cg00529946,cg00538370,cg00544734,cg00547077,cg00572487,cg00574907,cg00598261,cg00608467,cg00637687,cg00639286,cg00649827,cg00668227,cg00687252,cg00704288,cg00704909,cg00713294,cg00718440,cg00734800,cg00737992,cg00742472,cg00748373,cg00751288,cg00759634,cg00761755,cg00777537,cg00777895,cg00789423,cg00790928,cg00794178,cg00814733,cg00823995,cg00829944,cg00830767,cg00843623,cg00873521,cg00893385,cg00903375,cg00906435,cg00909976,cg00916439,cg00922781,cg00923803,cg00935924,cg00949554,cg00960509,cg00960580,cg00987699,cg00994389,cg00994411,cg01025599,cg01026613,cg01035689,cg01060358,cg01083340,cg01093329,cg01117833,cg01135780,cg01140149,cg01145709,cg01149132,cg01149896,cg01153979,cg01166350,cg01179631,cg01185138,cg01202751,cg01216607,cg01239717,cg01244944,cg01249180,cg01261351,cg01297808,cg01306985,cg01310829,cg01314194,cg01320048,cg01335042,cg01338834,cg01353569,cg01358551,cg01363714,cg01365762,cg01373292,cg01373691,cg01405143,cg01458686,cg01460557,cg01462829,cg01467266,cg01482912,cg01487433,cg01488674,cg01519164,cg01524091,cg01527159,cg01531665,cg01546046,cg01554453,cg01566127,cg01582807,cg01588546,cg01613965,cg01638175,cg01645753,cg01663225,cg01719123,cg01726103,cg01755728,cg01759562,cg01768179,cg01773951,cg01777630,cg01779076,cg01789478,cg01796104,cg01807919,cg01814186,cg01819787,cg01823956,cg01861096,cg01906015,cg01909487,cg01923740,cg01932076,cg01936090,cg01939479,cg01939664,cg01945391,cg01959412,cg01999086,cg02002494,cg02015876,cg02047359,cg02048674,cg02051077,cg02053340,cg02056921,cg02065970,cg02096656,cg02120584,cg02121330,cg02137583,cg02151625,cg02157667,cg02172824,cg02181963,cg02199589,cg02201215,cg02210038,cg02239805,cg02243437,cg02248325,cg02257675,cg02261604,cg02268424,cg02269221,cg02269272,cg02283485,cg02291403,cg02297747,cg02308112,cg02323694,cg02327123,cg02334926,cg02337499,cg02339297,cg02350644,cg02374837,cg02386183,cg02390278,cg02396143,cg02399652,cg02405530,cg02411582,cg02426912,cg02429398,cg02445447,cg02446681,cg02453779,cg02473395,cg02484047,cg02493614,cg02510736,cg02521102,cg02537106,cg02542103,cg02558424,cg02569759,cg02578312,cg02590295,cg02596190,cg02602480,cg02619495,cg02620228,cg02621020,cg02631680,cg02632809,cg02642298,cg02646394,cg02646665,cg02650266,cg02661258,cg02661426,cg02668708,cg02671671,cg02683363,cg02697074,cg02707669,cg02709717,cg02716799,cg02717570,cg02723904,cg02736602,cg02763798,cg02773019,cg02778551,cg02788401,cg02792602,cg02836487,cg02846228,cg02859866,cg02862354,cg02863073,cg02870950,cg02896705,cg02898122,cg02916409,cg02925229,cg02929209,cg02936451,cg02938524,cg02952317,cg02964396,cg02976543,cg02994645,cg02996314,cg03004280,cg03015433,cg03031933,cg03041860,cg03044510,cg03053597,cg03061024,cg03067068,cg03069383,cg03072621,cg03108496,cg03118206,cg03121168,cg03144560,cg03174294,cg03175653,cg03183872,cg03184439,cg03186339,cg03214080,cg03222971,cg03230579,cg03239591,cg03259243,cg03262242,cg03276167,cg03301282,cg03309721,cg03322872,cg03325014,cg03330867,cg03352657,cg03353863,cg03373091,cg03383661,cg03394401,cg03415695,cg03420286,cg03426840,cg03433712,cg03462171,cg03468541,cg03489495,cg03508908,cg03533382,cg03542721,cg03575764,cg03576787,cg03591798,cg03592197,cg03598754,cg03599547,cg03609269,cg03612039,cg03614734,cg03623155,cg03628186,cg03634887,cg03646922,cg03648679,cg03650154,cg03655371,cg03668558,cg03674076,cg03689054,cg03696599,cg03700121,cg03705947,cg03720887,cg03729853,cg03746482,cg03747177,cg03750606,cg03761477,cg03765692,cg03771185,cg03809994,cg03820205,cg03820828,cg03858673,cg03876032,cg03891330,cg03919779,cg03921416,cg03940157,cg03967192,cg03968699,cg03973167,cg03982544,cg03983647,cg04004632,cg04004830,cg04013089,cg04015759,cg04020984,cg04027074,cg04033706,cg04053862,cg04061197,cg04063589,cg04071446,cg04072768,cg04100724,cg04104609,cg04111177,cg04121495,cg04125208,cg04128307,cg04131734,cg04132452,cg04173992,cg04202802,cg04215179,cg04232674,cg04237075,cg04240267,cg04260924,cg04265407,cg04266779,cg04266864,cg04285493,cg04298626,cg04311227,cg04314525,cg04317977,cg04324758,cg04328477,cg04333213,cg04337412,cg04344565,cg04358923,cg04364540,cg04366385,cg04373587,cg04386144,cg04413644,cg04421424,cg04426007,cg04428535,cg04431387,cg04434568,cg04437590,cg04470905,cg04484579,cg04498032,cg04515913,cg04531254,cg04534813,cg04539241,cg04547205,cg04559178,cg04565464,cg04568613,cg04584833,cg04585390,cg04617570,cg04627240,cg04635154,cg04652621,cg04677326,cg04686114,cg04691540,cg04721302,cg04738309,cg04750593,cg04759767,cg04780909,cg04791747,cg04803843,cg04810377,cg04825775,cg04856096,cg04869206,cg04876451,cg04886703,cg04900785,cg04913443,cg04914305,cg04920270,cg04925824,cg04930469,cg04939294,cg04947578,cg04948627,cg04959815,cg04970839,cg04971418,cg05000748,cg05001908,cg05002041,cg05006231,cg05011232,cg05020775,cg05020822,cg05024413,cg05040544,cg05041145,cg05095774,cg05100916,cg05122605,cg05128992,cg05135213,cg05157171,cg05171367,cg05214685,cg05231098,cg05241025,cg05257479,cg05270119,cg05281338,cg05315865,cg05336115,cg05337998,cg05349062,cg05350358,cg05360402,cg05406635,cg05422897,cg05449217,cg05461259,cg05468351,cg05479582,cg05484920,cg05494465,cg05534678,cg05575220,cg05577902,cg05592035,cg05592363,cg05616754,cg05621343,cg05622441,cg05637536,cg05637795,cg05640069,cg05663122,cg05669285,cg05699123,cg05702448,cg05704155,cg05712403,cg05727959,cg05733026,cg05736236,cg05752819,cg05756109,cg05782078,cg05783854,cg05786840,cg05787931,cg05796321,cg05808815,cg05831907,cg05843966,cg05849857,cg05861071,cg05874478,cg05878337,cg05900347,cg05913197,cg05920090,cg05923184,cg05924191,cg05930162,cg05931265,cg05931684,cg05952120,cg05954989,cg05959525,cg06006623,cg06007320,cg06025835,cg06045225,cg06056004,cg06058923,cg06059332,cg06073094,cg06074314,cg06110578,cg06112779,cg06128043,cg06137672,cg06138195,cg06138422,cg06157335,cg06169648,cg06200777,cg06220161,cg06226283,cg06310844,cg06379478,cg06380355,cg06391107,cg06419771,cg06427502,cg06438404,cg06443863,cg06456512,cg06468476,cg06476093,cg06496078,cg06496222,cg06500355,cg06524479,cg06534285,cg06542686,cg06550102,cg06577251,cg06585708,cg06598631,cg06604058,cg06621373,cg06626599,cg06631310,cg06634950,cg06636685,cg06639788,cg06652315,cg06652850,cg06665941,cg06678902,cg06679003,cg06686029,cg06690633,cg06700871,cg06703332,cg06710900,cg06717492,cg06723301,cg06728098,cg06728674,cg06731730,cg06736685,cg06745235,cg06745957,cg06748231,cg06753227,cg06777853,cg06789048,cg06790019,cg06793581,cg06794263,cg06796825,cg06800444,cg06807989,cg06815976,cg06826278,cg06836181,cg06848185,cg06852575,cg06858186,cg06866657,cg06896619,cg06901526,cg06911519,cg06919790,cg06927324,cg06928838,cg06957130,cg06966660,cg06973234,cg06977935,cg06979550,cg06983551,cg07000551,cg07010359,cg07021777,cg07023327,cg07051329,cg07061579,cg07063914,cg07066067,cg07087156,cg07089783,cg07093111,cg07113322,cg07122172,cg07131604,cg07135797,cg07146119,cg07156929,cg07160044,cg07167946,cg07181902,cg07197864,cg07213548,cg07220085,cg07226679,cg07255356,cg07269724,cg07274204,cg07277818,cg07306881,cg07318453,cg07333905,cg07344583,cg07352798,cg07354253,cg07355551,cg07370646,cg07375367,cg07387199,cg07393674,cg07399355,cg07417284,cg07423602,cg07436753,cg07439409,cg07458698,cg07458712,cg07461160,cg07466433,cg07472772,cg07483523,cg07489134,cg07513383,cg07519721,cg07519873,cg07520141,cg07535605,cg07538946,cg07558287,cg07562458,cg07562483,cg07570055,cg07571970,cg07580707,cg07589166,cg07598522,cg07630649,cg07645461,cg07665115,cg07697662,cg07702548,cg07713849,cg07737810,cg07742134,cg07753245,cg07793537,cg07817097,cg07818830,cg07865517,cg07882184,cg07882382,cg07913310,cg07923305,cg07923459,cg07926482,cg07927839,cg07940793,cg07956936,cg07958926,cg07963361,cg07967679,cg07972541,cg07982935,cg08005943,cg08009993,cg08012278,cg08035872,cg08039701,cg08097417,cg08125682,cg08158076,cg08158524,cg08169394,cg08185661,cg08192350,cg08209163,cg08272731,cg08274589,cg08326301,cg08334153,cg08336300,cg08348387,cg08354699,cg08370718,cg08387285,cg08390021,cg08399230,cg08411512,cg08427928,cg08440521,cg08444731,cg08464824,cg08472559,cg08492707,cg08510077,cg08532834,cg08555460,cg08577517,cg08577743,cg08599294,cg08610201,cg08612601,cg08659621,cg08667777,cg08701515,cg08755283,cg08763126,cg08763433,cg08817168,cg08857201,cg08866402,cg08872741,cg08876479,cg08876591,cg08882650,cg08883955	E098	2.27e-07
4.645	1.37e-11	E091 Placenta	Placenta	H3K4me3	E091-H3K4me3.broadPeak.gz	cg00021237,cg00024722,cg00026230,cg00026974,cg00040423,cg00077299,cg00097536,cg00102920,cg00123055,cg00147578,cg00167275,cg00226754,cg00231920,cg00252696,cg00260647,cg00271154,cg00280548,cg00292435,cg00306421,cg00319567,cg00371453,cg00389341,cg00393376,cg00399650,cg00402069,cg00419759,cg00441754,cg00455883,cg00459447,cg00472801,cg00476986,cg00498603,cg00502932,cg00529946,cg00538370,cg00544734,cg00547077,cg00572487,cg00574907,cg00598261,cg00608467,cg00629514,cg00639286,cg00649827,cg00668227,cg00687252,cg00704288,cg00704909,cg00713294,cg00718440,cg00734800,cg00742472,cg00748373,cg00751288,cg00759634,cg00761755,cg00777537,cg00777895,cg00786747,cg00789423,cg00790928,cg00794178,cg00814733,cg00823995,cg00829944,cg00830767,cg00843623,cg00873521,cg00893385,cg00903375,cg00906435,cg00909976,cg00916439,cg00922781,cg00923803,cg00935924,cg00949554,cg00960509,cg00960580,cg00987699,cg00994411,cg01025599,cg01026613,cg01035689,cg01060358,cg01083340,cg01093329,cg01117833,cg01135780,cg01140149,cg01145709,cg01149132,cg01149896,cg01153979,cg01166350,cg01179631,cg01185138,cg01202751,cg01216607,cg01239717,cg01244944,cg01249180,cg01297808,cg01306985,cg01314194,cg01320048,cg01335042,cg01338834,cg01353569,cg01358551,cg01365762,cg01373691,cg01405143,cg01458686,cg01460557,cg01462829,cg01482912,cg01487433,cg01488674,cg01519164,cg01524091,cg01527159,cg01531665,cg01546046,cg01554453,cg01566127,cg01582807,cg01588546,cg01613965,cg01638175,cg01663225,cg01719123,cg01726103,cg01755728,cg01759562,cg01768179,cg01773951,cg01777630,cg01779076,cg01796104,cg01807919,cg01814186,cg01816191,cg01823956,cg01861096,cg01906015,cg01909487,cg01923740,cg01932076,cg01936090,cg01939479,cg01939664,cg01945391,cg01959412,cg01999086,cg02002494,cg02015876,cg02047359,cg02048674,cg02051077,cg02053340,cg02056921,cg02096656,cg02121330,cg02157667,cg02172824,cg02181963,cg02199589,cg02201215,cg02239805,cg02243437,cg02248325,cg02257675,cg02261604,cg02268424,cg02269221,cg02269272,cg02283485,cg02291403,cg02308112,cg02323694,cg02337499,cg02339297,cg02374837,cg02386183,cg02396143,cg02399652,cg02405530,cg02426912,cg02429398,cg02445447,cg02446681,cg02453779,cg02473395,cg02484047,cg02493614,cg02510736,cg02521102,cg02537106,cg02558424,cg02569759,cg02578312,cg02590295,cg02596190,cg02602480,cg02620228,cg02621020,cg02631680,cg02632809,cg02642298,cg02661258,cg02661426,cg02668708,cg02671671,cg02683363,cg02697074,cg02707669,cg02709717,cg02716799,cg02717570,cg02723904,cg02736602,cg02763798,cg02773019,cg02788401,cg02792602,cg02836487,cg02859866,cg02862354,cg02870950,cg02877856,cg02878439,cg02896705,cg02898122,cg02916409,cg02925229,cg02929209,cg02936451,cg02938524,cg02964396,cg02976543,cg02994645,cg02996314,cg03004280,cg03031933,cg03041860,cg03044510,cg03053597,cg03061024,cg03067068,cg03069383,cg03108496,cg03118206,cg03121168,cg03144560,cg03174294,cg03183872,cg03184439,cg03186339,cg03214080,cg03222971,cg03230579,cg03239591,cg03259243,cg03262242,cg03276167,cg03301282,cg03309721,cg03330867,cg03352657,cg03373091,cg03383661,cg03394401,cg03415695,cg03420286,cg03426840,cg03433712,cg03462171,cg03468541,cg03489495,cg03508908,cg03533382,cg03542721,cg03575764,cg03576787,cg03591798,cg03592197,cg03598754,cg03599547,cg03609269,cg03612039,cg03614734,cg03623155,cg03628186,cg03634887,cg03638905,cg03646922,cg03648679,cg03650154,cg03668558,cg03674076,cg03689054,cg03700121,cg03705947,cg03720887,cg03729853,cg03747177,cg03750606,cg03765692,cg03771185,cg03809994,cg03820205,cg03858673,cg03891330,cg03919779,cg03921416,cg03967192,cg03968699,cg03973167,cg03982544,cg04004830,cg04015759,cg04020984,cg04027074,cg04033706,cg04053862,cg04061197,cg04071446,cg04072768,cg04100724,cg04104609,cg04111177,cg04121495,cg04125208,cg04128307,cg04131734,cg04132452,cg04173992,cg04202802,cg04232674,cg04237075,cg04240267,cg04260924,cg04265407,cg04266779,cg04266864,cg04298626,cg04311227,cg04314525,cg04317977,cg04324758,cg04328477,cg04333213,cg04337412,cg04358923,cg04364540,cg04366385,cg04373587,cg04386144,cg04413644,cg04421424,cg04426007,cg04428535,cg04431387,cg04434568,cg04437590,cg04470905,cg04484579,cg04498032,cg04515913,cg04531254,cg04534813,cg04539241,cg04547205,cg04559178,cg04565464,cg04568613,cg04584833,cg04617570,cg04627240,cg04652621,cg04677326,cg04686114,cg04691540,cg04721302,cg04731120,cg04736562,cg04738309,cg04750593,cg04759767,cg04780909,cg04791747,cg04803843,cg04810377,cg04825775,cg04856096,cg04869206,cg04876451,cg04886703,cg04900785,cg04913443,cg04914305,cg04925824,cg04930469,cg04939294,cg04947578,cg04948627,cg04959815,cg04971418,cg05000748,cg05001908,cg05002041,cg05011232,cg05020775,cg05020822,cg05024413,cg05040544,cg05041145,cg05095774,cg05100916,cg05122605,cg05128992,cg05135213,cg05157171,cg05171367,cg05231098,cg05241025,cg05257479,cg05270119,cg05281338,cg05315865,cg05350358,cg05360402,cg05406635,cg05422897,cg05449217,cg05461259,cg05468351,cg05479582,cg05484920,cg05494465,cg05534678,cg05592035,cg05592363,cg05595753,cg05616754,cg05621343,cg05622441,cg05637536,cg05637795,cg05640069,cg05663122,cg05669285,cg05702448,cg05704155,cg05712403,cg05727959,cg05733026,cg05752819,cg05756109,cg05782078,cg05783854,cg05786840,cg05787931,cg05796321,cg05808815,cg05849857,cg05861071,cg05874478,cg05878337,cg05913197,cg05920090,cg05923184,cg05924191,cg05930162,cg05931265,cg05931684,cg05954989,cg05955675,cg05959525,cg06007320,cg06025835,cg06045225,cg06056004,cg06058923,cg06073094,cg06074314,cg06110578,cg06112779,cg06128043,cg06137672,cg06138422,cg06157335,cg06169648,cg06200777,cg06220161,cg06226283,cg06310844,cg06380355,cg06385874,cg06391107,cg06419771,cg06427502,cg06438404,cg06443863,cg06456512,cg06468476,cg06476093,cg06496078,cg06500355,cg06524479,cg06534285,cg06542686,cg06550102,cg06577251,cg06598631,cg06604058,cg06621373,cg06626599,cg06634950,cg06636685,cg06639788,cg06652315,cg06652850,cg06665941,cg06679003,cg06686029,cg06690633,cg06700871,cg06703332,cg06710900,cg06717492,cg06723301,cg06728098,cg06728674,cg06731730,cg06736685,cg06745235,cg06745957,cg06748231,cg06753227,cg06777853,cg06790019,cg06793581,cg06794263,cg06796825,cg06800444,cg06807989,cg06836181,cg06848185,cg06852575,cg06858186,cg06866657,cg06896619,cg06901526,cg06911519,cg06919790,cg06927324,cg06928838,cg06966660,cg06973234,cg06979550,cg06983551,cg07000551,cg07010359,cg07021777,cg07023327,cg07051329,cg07061579,cg07087156,cg07089783,cg07093111,cg07094915,cg07113322,cg07122172,cg07135797,cg07146119,cg07156929,cg07160044,cg07181902,cg07197864,cg07220085,cg07226679,cg07255356,cg07269724,cg07277818,cg07306881,cg07318453,cg07333905,cg07344583,cg07352798,cg07354253,cg07355551,cg07375367,cg07387199,cg07399355,cg07423602,cg07436753,cg07439409,cg07458698,cg07461160,cg07466433,cg07472772,cg07483523,cg07489134,cg07513383,cg07519721,cg07520141,cg07535605,cg07538946,cg07562458,cg07562483,cg07571970,cg07580707,cg07589166,cg07598522,cg07630649,cg07645461,cg07697662,cg07702548,cg07742134,cg07753245,cg07785225,cg07817097,cg07818830,cg07865517,cg07882184,cg07882382,cg07913310,cg07923305,cg07923459,cg07926482,cg07927839,cg07940793,cg07956936,cg07958926,cg07963361,cg07967679,cg07972541,cg07982935,cg08005943,cg08009993,cg08039701,cg08097417,cg08125682,cg08158076,cg08158524,cg08169394,cg08185661,cg08192350,cg08209163,cg08272731,cg08274589,cg08324115,cg08326301,cg08334153,cg08336300,cg08348387,cg08354699,cg08370718,cg08387285,cg08390021,cg08399230,cg08411512,cg08427928,cg08444731,cg08464824,cg08472559,cg08492707,cg08510077,cg08555460,cg08577517,cg08577743,cg08599294,cg08610201,cg08612601,cg08653403,cg08659621,cg08667777,cg08701515,cg08755283,cg08763126,cg08763433,cg08817168,cg08857201,cg08866402,cg08876479,cg08876591,cg08882650,cg08883955	E091	9.11e-11
5.348	7.27e-17	E100 Psoas Muscle	Psoas Muscle	H3K4me3	E100-H3K4me3.broadPeak.gz	cg00021237,cg00024722,cg00026230,cg00026974,cg00040423,cg00077299,cg00097536,cg00102920,cg00123055,cg00147578,cg00167275,cg00226754,cg00231920,cg00252696,cg00260647,cg00271154,cg00280548,cg00292435,cg00306421,cg00319567,cg00320345,cg00355633,cg00389341,cg00393376,cg00399650,cg00402069,cg00419759,cg00437985,cg00441754,cg00455883,cg00459447,cg00472801,cg00476986,cg00498603,cg00502932,cg00503302,cg00529946,cg00538370,cg00544734,cg00547077,cg00572487,cg00574907,cg00598261,cg00608467,cg00629514,cg00637687,cg00639286,cg00649827,cg00668227,cg00671225,cg00687252,cg00704288,cg00704909,cg00713294,cg00718440,cg00734800,cg00742472,cg00748373,cg00751288,cg00759634,cg00761755,cg00777537,cg00777895,cg00789423,cg00790928,cg00794178,cg00814733,cg00823995,cg00829944,cg00830767,cg00843623,cg00873521,cg00893385,cg00903375,cg00906435,cg00909976,cg00916439,cg00922781,cg00923803,cg00935924,cg00949554,cg00960509,cg00960580,cg00987699,cg00994411,cg01025599,cg01026613,cg01035689,cg01060358,cg01083340,cg01093329,cg01117833,cg01135780,cg01145709,cg01149132,cg01149896,cg01153979,cg01158415,cg01165560,cg01179631,cg01185138,cg01202751,cg01216607,cg01239717,cg01244944,cg01249180,cg01261351,cg01262133,cg01297808,cg01306985,cg01310829,cg01314194,cg01320048,cg01335042,cg01338834,cg01353569,cg01358551,cg01363714,cg01365762,cg01373292,cg01373691,cg01393327,cg01405143,cg01458686,cg01460557,cg01462829,cg01482912,cg01487433,cg01488674,cg01519164,cg01524091,cg01527159,cg01531665,cg01546046,cg01554453,cg01566127,cg01582807,cg01588546,cg01613965,cg01638175,cg01645753,cg01660676,cg01663225,cg01719123,cg01726103,cg01755728,cg01759562,cg01768179,cg01773951,cg01777630,cg01779076,cg01789478,cg01796104,cg01807919,cg01814186,cg01816191,cg01819787,cg01823956,cg01861096,cg01906015,cg01909487,cg01923740,cg01932076,cg01936090,cg01939479,cg01939664,cg01945391,cg01959412,cg01999086,cg02002494,cg02015876,cg02047359,cg02048674,cg02051077,cg02053340,cg02056921,cg02096656,cg02120584,cg02121330,cg02151625,cg02157667,cg02172824,cg02181963,cg02199589,cg02201215,cg02239805,cg02243437,cg02248325,cg02257675,cg02261604,cg02268424,cg02269221,cg02269272,cg02283485,cg02291403,cg02308112,cg02323694,cg02327123,cg02334926,cg02337499,cg02339297,cg02374837,cg02386183,cg02396143,cg02399652,cg02405530,cg02426912,cg02429398,cg02445447,cg02446681,cg02453779,cg02473395,cg02484047,cg02493614,cg02510736,cg02521102,cg02537106,cg02542103,cg02558424,cg02569759,cg02578312,cg02590295,cg02596190,cg02602480,cg02620228,cg02621020,cg02631680,cg02642298,cg02646394,cg02661258,cg02661426,cg02668708,cg02671671,cg02683363,cg02697074,cg02707669,cg02709717,cg02716799,cg02717570,cg02723904,cg02727104,cg02736602,cg02763798,cg02773019,cg02788401,cg02792602,cg02836487,cg02859866,cg02862354,cg02863073,cg02870950,cg02878439,cg02896705,cg02898122,cg02916409,cg02925229,cg02929209,cg02936451,cg02938524,cg02976543,cg02994645,cg02996314,cg03004280,cg03015433,cg03031933,cg03041860,cg03044510,cg03053597,cg03061024,cg03067068,cg03069383,cg03108496,cg03118206,cg03121168,cg03128332,cg03144560,cg03174294,cg03175653,cg03183872,cg03184439,cg03186339,cg03214080,cg03220945,cg03222971,cg03230579,cg03239591,cg03259243,cg03262242,cg03276167,cg03301282,cg03309721,cg03330867,cg03352657,cg03353863,cg03373091,cg03383661,cg03394401,cg03415695,cg03420286,cg03426840,cg03433712,cg03442378,cg03462171,cg03468541,cg03489495,cg03508908,cg03533382,cg03542721,cg03575764,cg03576787,cg03591798,cg03592197,cg03598754,cg03599547,cg03609269,cg03612039,cg03614734,cg03623155,cg03628186,cg03634887,cg03637815,cg03638905,cg03646922,cg03648679,cg03650154,cg03668558,cg03674076,cg03689054,cg03700121,cg03705947,cg03720887,cg03729853,cg03746482,cg03747177,cg03750606,cg03761477,cg03765692,cg03771185,cg03809994,cg03820205,cg03891330,cg03919779,cg03921416,cg03940157,cg03967192,cg03968699,cg03973167,cg03982544,cg03983647,cg04004632,cg04004830,cg04015759,cg04020984,cg04027074,cg04033706,cg04047221,cg04053862,cg04061197,cg04063589,cg04071446,cg04072768,cg04100724,cg04104609,cg04111177,cg04121495,cg04125208,cg04128307,cg04131734,cg04132452,cg04202802,cg04215179,cg04232674,cg04237075,cg04240267,cg04260924,cg04265407,cg04266779,cg04266864,cg04298626,cg04311227,cg04314525,cg04317977,cg04324758,cg04328477,cg04331511,cg04333213,cg04337412,cg04344565,cg04358923,cg04364540,cg04366385,cg04373587,cg04386144,cg04413644,cg04421424,cg04426007,cg04428535,cg04431387,cg04434568,cg04437590,cg04470905,cg04484579,cg04498032,cg04515913,cg04531254,cg04534813,cg04539241,cg04547205,cg04559178,cg04565464,cg04568613,cg04584833,cg04617570,cg04627240,cg04652621,cg04677326,cg04686114,cg04691540,cg04714638,cg04738309,cg04750593,cg04759767,cg04780909,cg04791747,cg04794369,cg04803843,cg04810377,cg04825775,cg04856096,cg04869206,cg04876451,cg04886703,cg04900785,cg04913443,cg04914305,cg04920270,cg04925824,cg04930469,cg04939294,cg04947578,cg04948627,cg04959815,cg04971418,cg05000748,cg05001908,cg05002041,cg05011232,cg05020775,cg05020822,cg05024413,cg05040544,cg05041145,cg05095774,cg05100916,cg05122605,cg05128992,cg05135213,cg05157171,cg05171367,cg05214685,cg05231098,cg05241025,cg05257479,cg05270119,cg05281338,cg05315865,cg05336115,cg05350358,cg05360402,cg05406635,cg05422897,cg05449217,cg05461259,cg05468351,cg05479582,cg05484920,cg05494465,cg05534678,cg05577902,cg05592035,cg05592363,cg05616754,cg05621343,cg05622441,cg05637536,cg05637795,cg05640069,cg05663122,cg05669285,cg05702448,cg05704155,cg05712403,cg05727959,cg05733026,cg05736236,cg05752819,cg05756109,cg05782078,cg05783854,cg05786840,cg05787931,cg05796321,cg05808815,cg05849857,cg05861071,cg05874478,cg05878337,cg05900347,cg05913197,cg05920090,cg05923184,cg05924191,cg05930162,cg05931265,cg05931684,cg05940231,cg05952120,cg05954989,cg05955675,cg05959525,cg06007320,cg06025835,cg06045225,cg06056004,cg06058923,cg06059332,cg06073094,cg06074314,cg06082228,cg06110578,cg06112779,cg06137672,cg06138195,cg06138422,cg06157335,cg06169648,cg06200777,cg06220161,cg06226283,cg06290265,cg06310844,cg06380355,cg06385874,cg06391107,cg06419771,cg06427502,cg06438404,cg06443863,cg06456512,cg06468476,cg06473181,cg06476093,cg06496078,cg06500355,cg06524479,cg06534285,cg06542686,cg06550102,cg06577251,cg06585708,cg06598631,cg06604058,cg06621373,cg06626599,cg06631310,cg06634950,cg06636685,cg06639788,cg06652315,cg06652850,cg06665941,cg06679003,cg06686029,cg06690633,cg06700871,cg06703332,cg06710900,cg06717492,cg06723301,cg06728098,cg06728674,cg06731730,cg06736685,cg06745235,cg06745957,cg06748231,cg06753227,cg06766659,cg06777853,cg06790019,cg06793581,cg06794263,cg06796825,cg06800444,cg06807989,cg06815976,cg06826278,cg06836181,cg06848185,cg06852575,cg06858186,cg06864005,cg06866657,cg06896619,cg06901526,cg06911519,cg06919790,cg06927324,cg06928838,cg06957130,cg06966660,cg06973234,cg06979550,cg06983551,cg07000551,cg07010359,cg07021777,cg07023327,cg07051329,cg07061579,cg07087156,cg07089783,cg07093111,cg07094915,cg07113322,cg07122172,cg07135797,cg07146119,cg07156929,cg07160044,cg07181902,cg07197864,cg07220085,cg07226679,cg07255356,cg07266126,cg07269724,cg07277818,cg07306881,cg07318453,cg07333905,cg07344583,cg07352798,cg07354253,cg07355551,cg07370646,cg07375367,cg07387199,cg07399355,cg07417284,cg07423602,cg07436753,cg07439409,cg07458698,cg07458712,cg07461160,cg07466433,cg07472772,cg07483523,cg07489134,cg07513383,cg07519721,cg07519873,cg07520141,cg07535605,cg07536847,cg07538946,cg07558287,cg07562458,cg07562483,cg07570055,cg07571970,cg07580707,cg07589166,cg07598522,cg07630649,cg07645461,cg07697662,cg07702548,cg07742134,cg07753245,cg07817097,cg07818830,cg07865517,cg07882184,cg07882382,cg07913310,cg07923305,cg07923459,cg07926482,cg07927839,cg07940793,cg07956936,cg07958926,cg07963361,cg07972541,cg07982935,cg08005943,cg08009993,cg08035872,cg08039701,cg08081845,cg08097417,cg08125682,cg08158076,cg08158524,cg08169394,cg08185661,cg08192350,cg08209163,cg08272731,cg08274589,cg08326301,cg08334153,cg08336300,cg08348387,cg08354699,cg08370718,cg08387285,cg08390021,cg08399230,cg08411512,cg08427928,cg08440521,cg08444731,cg08464824,cg08472559,cg08492707,cg08510077,cg08532834,cg08555460,cg08577341,cg08577517,cg08577743,cg08599294,cg08610201,cg08612601,cg08653403,cg08659621,cg08667777,cg08701515,cg08755283,cg08763126,cg08763433,cg08787268,cg08817168,cg08857201,cg08866402,cg08876479,cg08876591,cg08882650,cg08883955	E100	2.41e-15
2.254	9.24e-06	E055 Foreskin Fibroblast Primary Cells skin01	Skin	H3K4me3	E055-H3K4me3.broadPeak.gz	cg00021237,cg00024722,cg00026230,cg00026974,cg00040423,cg00077299,cg00097536,cg00102920,cg00123055,cg00147578,cg00167275,cg00179576,cg00226754,cg00231920,cg00252696,cg00260647,cg00271154,cg00280548,cg00280814,cg00292435,cg00306421,cg00319567,cg00320345,cg00350607,cg00355633,cg00389341,cg00393376,cg00395140,cg00399650,cg00402069,cg00419759,cg00437985,cg00441754,cg00448143,cg00455883,cg00459447,cg00476986,cg00498603,cg00502932,cg00529946,cg00538370,cg00539325,cg00544734,cg00547077,cg00572487,cg00574907,cg00598261,cg00608467,cg00629514,cg00637687,cg00639286,cg00649827,cg00668227,cg00671225,cg00687252,cg00704288,cg00704909,cg00713294,cg00718440,cg00734800,cg00742472,cg00748373,cg00751288,cg00759634,cg00761755,cg00777537,cg00777895,cg00786747,cg00789423,cg00790928,cg00794178,cg00814733,cg00823995,cg00829944,cg00830767,cg00843623,cg00873521,cg00893385,cg00903375,cg00906435,cg00909976,cg00916439,cg00922697,cg00922781,cg00923803,cg00935924,cg00949554,cg00960509,cg00960580,cg00987699,cg00994411,cg01025599,cg01026613,cg01035689,cg01060358,cg01083340,cg01093329,cg01117833,cg01131038,cg01135780,cg01140149,cg01145709,cg01149132,cg01149896,cg01153979,cg01179631,cg01185138,cg01202751,cg01216607,cg01239717,cg01244944,cg01249180,cg01261351,cg01297808,cg01306985,cg01310829,cg01314194,cg01320048,cg01335042,cg01338834,cg01353569,cg01358551,cg01363714,cg01365762,cg01373292,cg01373691,cg01393327,cg01405143,cg01458686,cg01460557,cg01462829,cg01467266,cg01482912,cg01487433,cg01488674,cg01519164,cg01524091,cg01527159,cg01531665,cg01542423,cg01546046,cg01554453,cg01566127,cg01582807,cg01588546,cg01613965,cg01638175,cg01645753,cg01660676,cg01663225,cg01719123,cg01726103,cg01755728,cg01759562,cg01768179,cg01773951,cg01777630,cg01779076,cg01789478,cg01796104,cg01807919,cg01814186,cg01819787,cg01823956,cg01861096,cg01906015,cg01909487,cg01923740,cg01932076,cg01936090,cg01939479,cg01939664,cg01945391,cg01959412,cg01999086,cg02002494,cg02015876,cg02047359,cg02048674,cg02051077,cg02053340,cg02056921,cg02096656,cg02120584,cg02121330,cg02151625,cg02157667,cg02172824,cg02181963,cg02199589,cg02201215,cg02239805,cg02243437,cg02248325,cg02257675,cg02261604,cg02268424,cg02269221,cg02269272,cg02283485,cg02291403,cg02297747,cg02308112,cg02323694,cg02327123,cg02334926,cg02337499,cg02339297,cg02350644,cg02374837,cg02385840,cg02386183,cg02396143,cg02399652,cg02405530,cg02411582,cg02426912,cg02429398,cg02445447,cg02446681,cg02453779,cg02473395,cg02484047,cg02493614,cg02510736,cg02521102,cg02537106,cg02542103,cg02558424,cg02569759,cg02578312,cg02590295,cg02596190,cg02602480,cg02603784,cg02620228,cg02621020,cg02631680,cg02642298,cg02646394,cg02650266,cg02661258,cg02661426,cg02668708,cg02671671,cg02675466,cg02683363,cg02697074,cg02707669,cg02709717,cg02716799,cg02717570,cg02723904,cg02727104,cg02736602,cg02763798,cg02773019,cg02788401,cg02792602,cg02836487,cg02846228,cg02859866,cg02862354,cg02870950,cg02877856,cg02878439,cg02896705,cg02898122,cg02916409,cg02925229,cg02929209,cg02936451,cg02938524,cg02964396,cg02976543,cg02994645,cg02996314,cg03004280,cg03015433,cg03031933,cg03041860,cg03044510,cg03053597,cg03061024,cg03067068,cg03069383,cg03108496,cg03118206,cg03121168,cg03128332,cg03144560,cg03174294,cg03175653,cg03181118,cg03183872,cg03184439,cg03186339,cg03214080,cg03220945,cg03222971,cg03230579,cg03239591,cg03259243,cg03262242,cg03276167,cg03301282,cg03309721,cg03325014,cg03330867,cg03352657,cg03373091,cg03383661,cg03394401,cg03410772,cg03415695,cg03420286,cg03426840,cg03433712,cg03442378,cg03462171,cg03468541,cg03489495,cg03508908,cg03533382,cg03542721,cg03555487,cg03575764,cg03576787,cg03591798,cg03592197,cg03598754,cg03599547,cg03609269,cg03612039,cg03614734,cg03623155,cg03628186,cg03634887,cg03637815,cg03638905,cg03644750,cg03646922,cg03648679,cg03650154,cg03668558,cg03674076,cg03689054,cg03700121,cg03705947,cg03720887,cg03729853,cg03746482,cg03747177,cg03750606,cg03761477,cg03765692,cg03771185,cg03809994,cg03820205,cg03820828,cg03829216,cg03891330,cg03919779,cg03921416,cg03940157,cg03967192,cg03968699,cg03973167,cg03982544,cg03983647,cg04004632,cg04004830,cg04015759,cg04020984,cg04027074,cg04033706,cg04053862,cg04061197,cg04063589,cg04071446,cg04072768,cg04100724,cg04104609,cg04111177,cg04121495,cg04125208,cg04128307,cg04131734,cg04132452,cg04173992,cg04202802,cg04215179,cg04232674,cg04237075,cg04240267,cg04260924,cg04265407,cg04266779,cg04266864,cg04298626,cg04311227,cg04314525,cg04317977,cg04324758,cg04328477,cg04331511,cg04333213,cg04337412,cg04344565,cg04358923,cg04364540,cg04366385,cg04373587,cg04386144,cg04413644,cg04421424,cg04426007,cg04428535,cg04431387,cg04434568,cg04437590,cg04470905,cg04484579,cg04498032,cg04515913,cg04531254,cg04534813,cg04539241,cg04547205,cg04559178,cg04565464,cg04568613,cg04584833,cg04585390,cg04617570,cg04627240,cg04652621,cg04656042,cg04657325,cg04677326,cg04686114,cg04691540,cg04714638,cg04731120,cg04736562,cg04738309,cg04750593,cg04759767,cg04764907,cg04780909,cg04781587,cg04791747,cg04803843,cg04810377,cg04825775,cg04856096,cg04869206,cg04876451,cg04886703,cg04900785,cg04913443,cg04914305,cg04920270,cg04925824,cg04930469,cg04939294,cg04947578,cg04948627,cg04959815,cg04971418,cg05000748,cg05001908,cg05002041,cg05006231,cg05011232,cg05020775,cg05020822,cg05024413,cg05040544,cg05041145,cg05095774,cg05100916,cg05122605,cg05128992,cg05135213,cg05157171,cg05171367,cg05214685,cg05231098,cg05241025,cg05257479,cg05260236,cg05262436,cg05270119,cg05281338,cg05315865,cg05336115,cg05349062,cg05350358,cg05360402,cg05377998,cg05406635,cg05422897,cg05449217,cg05461259,cg05468351,cg05479582,cg05484920,cg05494465,cg05534678,cg05577902,cg05592363,cg05609414,cg05616754,cg05621343,cg05622441,cg05637536,cg05637795,cg05640069,cg05663122,cg05669285,cg05702448,cg05704155,cg05712403,cg05727959,cg05733026,cg05736236,cg05752819,cg05756109,cg05782078,cg05783854,cg05786840,cg05787931,cg05796321,cg05808815,cg05849857,cg05861071,cg05874478,cg05878337,cg05900347,cg05913197,cg05920090,cg05923184,cg05924191,cg05930162,cg05931265,cg05931684,cg05940231,cg05952120,cg05954989,cg05955675,cg05959525,cg06006623,cg06007320,cg06025835,cg06045225,cg06056004,cg06058923,cg06073094,cg06074314,cg06110578,cg06112779,cg06137672,cg06138195,cg06138422,cg06157335,cg06169648,cg06200777,cg06220161,cg06226283,cg06310844,cg06380355,cg06385874,cg06391107,cg06419771,cg06421526,cg06427502,cg06438404,cg06443863,cg06456512,cg06468476,cg06473181,cg06476093,cg06496078,cg06496222,cg06500355,cg06524479,cg06534285,cg06542686,cg06542865,cg06550102,cg06577251,cg06585708,cg06598631,cg06604058,cg06621373,cg06626599,cg06634950,cg06636685,cg06639788,cg06652315,cg06652850,cg06665941,cg06678902,cg06679003,cg06686029,cg06690633,cg06700871,cg06703332,cg06710900,cg06717492,cg06723301,cg06728098,cg06728674,cg06731730,cg06736685,cg06745235,cg06745957,cg06748231,cg06753227,cg06766659,cg06777853,cg06790019,cg06793581,cg06794263,cg06796825,cg06800444,cg06807989,cg06815976,cg06826278,cg06836181,cg06848185,cg06852575,cg06858186,cg06864005,cg06866657,cg06896619,cg06901526,cg06911519,cg06919790,cg06927324,cg06928838,cg06957130,cg06966660,cg06979550,cg06983551,cg07000551,cg07010359,cg07021777,cg07023327,cg07051329,cg07061579,cg07066067,cg07087156,cg07089783,cg07093111,cg07094915,cg07101354,cg07113322,cg07122172,cg07135797,cg07146119,cg07156929,cg07160044,cg07181902,cg07197864,cg07220085,cg07226679,cg07255356,cg07266126,cg07269724,cg07274204,cg07277818,cg07306881,cg07318453,cg07324633,cg07333905,cg07344583,cg07352798,cg07354253,cg07355551,cg07355693,cg07370646,cg07375367,cg07387199,cg07393674,cg07399355,cg07417284,cg07423602,cg07436753,cg07439409,cg07458698,cg07458712,cg07461160,cg07466433,cg07472772,cg07483523,cg07489134,cg07504545,cg07513383,cg07519721,cg07519873,cg07520141,cg07535605,cg07536847,cg07538946,cg07558287,cg07562458,cg07562483,cg07570055,cg07571970,cg07580707,cg07589166,cg07598522,cg07630649,cg07645461,cg07697662,cg07702548,cg07713849,cg07742134,cg07753245,cg07817097,cg07818830,cg07865517,cg07882184,cg07882382,cg07892879,cg07913310,cg07923305,cg07923459,cg07926482,cg07927839,cg07940793,cg07956936,cg07958926,cg07963361,cg07967679,cg07972541,cg07982935,cg08005943,cg08009993,cg08035872,cg08039701,cg08097417,cg08125682,cg08158076,cg08158524,cg08169394,cg08185661,cg08192350,cg08209163,cg08272731,cg08274589,cg08324115,cg08326301,cg08334153,cg08336300,cg08348387,cg08351017,cg08354699,cg08370718,cg08387285,cg08390021,cg08399230,cg08411512,cg08427928,cg08440521,cg08444731,cg08464824,cg08472559,cg08492707,cg08510077,cg08532834,cg08555460,cg08555653,cg08577341,cg08577517,cg08577743,cg08599294,cg08610201,cg08612601,cg08653403,cg08659621,cg08667777,cg08701515,cg08751265,cg08755283,cg08763126,cg08763433,cg08787268,cg08817168,cg08857201,cg08866402,cg08872741,cg08876479,cg08876591,cg08882650,cg08883955	E055	4.38e-05
1.427	1.44e-03	E056 Foreskin Fibroblast Primary Cells skin02	Skin	H3K4me3	E056-H3K4me3.broadPeak.gz	cg00021237,cg00024722,cg00026230,cg00026974,cg00040423,cg00077299,cg00097536,cg00102920,cg00123055,cg00147578,cg00167275,cg00179576,cg00226754,cg00231920,cg00252696,cg00260647,cg00271154,cg00280548,cg00280814,cg00292435,cg00306421,cg00319567,cg00355633,cg00389341,cg00393376,cg00395140,cg00399650,cg00402069,cg00419759,cg00437985,cg00441754,cg00448143,cg00455883,cg00459447,cg00476986,cg00498603,cg00502932,cg00503302,cg00529946,cg00538370,cg00539325,cg00544734,cg00547077,cg00572487,cg00574907,cg00598261,cg00608467,cg00629514,cg00637687,cg00639286,cg00649827,cg00668227,cg00671225,cg00687252,cg00704288,cg00704909,cg00713294,cg00718440,cg00734800,cg00742472,cg00748373,cg00751288,cg00759634,cg00761755,cg00777537,cg00777895,cg00786747,cg00789423,cg00790928,cg00794178,cg00814733,cg00823995,cg00829944,cg00830767,cg00843623,cg00873521,cg00893385,cg00903375,cg00906435,cg00909976,cg00916439,cg00922697,cg00922781,cg00923803,cg00935924,cg00949554,cg00960509,cg00960580,cg00987699,cg00994411,cg01025599,cg01026613,cg01035689,cg01060358,cg01083340,cg01093329,cg01117833,cg01131038,cg01135780,cg01140149,cg01145709,cg01149132,cg01149896,cg01153979,cg01179631,cg01185138,cg01202751,cg01216607,cg01239717,cg01244944,cg01249180,cg01261351,cg01262133,cg01279426,cg01297808,cg01306985,cg01310829,cg01314194,cg01320048,cg01335042,cg01338834,cg01353569,cg01358551,cg01363714,cg01365762,cg01373292,cg01373691,cg01405143,cg01458686,cg01460557,cg01462829,cg01467266,cg01482912,cg01487433,cg01488674,cg01519164,cg01524091,cg01527159,cg01531665,cg01542423,cg01546046,cg01554453,cg01566127,cg01582807,cg01588546,cg01613965,cg01638175,cg01645753,cg01660676,cg01663225,cg01719123,cg01726103,cg01755728,cg01759562,cg01768179,cg01773951,cg01777630,cg01779076,cg01789478,cg01796104,cg01807919,cg01814186,cg01816191,cg01819787,cg01823956,cg01861096,cg01906015,cg01909487,cg01923740,cg01932076,cg01936090,cg01939479,cg01939664,cg01945391,cg01959412,cg01981108,cg01999086,cg02002494,cg02015876,cg02047359,cg02048674,cg02051077,cg02051553,cg02053340,cg02056921,cg02096656,cg02120584,cg02121330,cg02136723,cg02151625,cg02157667,cg02172824,cg02181963,cg02187712,cg02199589,cg02201215,cg02239805,cg02243437,cg02248325,cg02257675,cg02261604,cg02268424,cg02269221,cg02269272,cg02283485,cg02291403,cg02297747,cg02308112,cg02323694,cg02327123,cg02334926,cg02337499,cg02339297,cg02350644,cg02374837,cg02385840,cg02386183,cg02396143,cg02399652,cg02405530,cg02411582,cg02426912,cg02429398,cg02445447,cg02446681,cg02453779,cg02473395,cg02484047,cg02493614,cg02507657,cg02510736,cg02537106,cg02542103,cg02558424,cg02569759,cg02578312,cg02590295,cg02596190,cg02602480,cg02620228,cg02621020,cg02631680,cg02632809,cg02642298,cg02646394,cg02650266,cg02661258,cg02661426,cg02668708,cg02671671,cg02675466,cg02683363,cg02697074,cg02707669,cg02709717,cg02716799,cg02717570,cg02723904,cg02727104,cg02736602,cg02763798,cg02768390,cg02773019,cg02778551,cg02788401,cg02792602,cg02836487,cg02846228,cg02859866,cg02862354,cg02863073,cg02870950,cg02877856,cg02878439,cg02896705,cg02898122,cg02916409,cg02925229,cg02929209,cg02936451,cg02938524,cg02964396,cg02976543,cg02994645,cg02996314,cg03004280,cg03015433,cg03031933,cg03041860,cg03044510,cg03053597,cg03061024,cg03067068,cg03069383,cg03108496,cg03118206,cg03121168,cg03128332,cg03144560,cg03174294,cg03175653,cg03181118,cg03183872,cg03184439,cg03186339,cg03214080,cg03220945,cg03222971,cg03230579,cg03239591,cg03259243,cg03262242,cg03276167,cg03301282,cg03309721,cg03325014,cg03330867,cg03352657,cg03373091,cg03383661,cg03394401,cg03410772,cg03415695,cg03420286,cg03426840,cg03433712,cg03442378,cg03462171,cg03468541,cg03489495,cg03508908,cg03533382,cg03542721,cg03555487,cg03575764,cg03576787,cg03591798,cg03592197,cg03598754,cg03599547,cg03609269,cg03612039,cg03614734,cg03623155,cg03628186,cg03634887,cg03637815,cg03638905,cg03644750,cg03646922,cg03648679,cg03650154,cg03655371,cg03668558,cg03674076,cg03689054,cg03700121,cg03705947,cg03720887,cg03729853,cg03746482,cg03747177,cg03750606,cg03761477,cg03765692,cg03771185,cg03809994,cg03820205,cg03820828,cg03829216,cg03891268,cg03891330,cg03919779,cg03921416,cg03940157,cg03967192,cg03968699,cg03973167,cg03982544,cg03983647,cg04004632,cg04004830,cg04015759,cg04020984,cg04027074,cg04033706,cg04053862,cg04061197,cg04063589,cg04071446,cg04072768,cg04100724,cg04104609,cg04111177,cg04121495,cg04125208,cg04128307,cg04131734,cg04132452,cg04173992,cg04202802,cg04215179,cg04232674,cg04237075,cg04240267,cg04260924,cg04265407,cg04266779,cg04266864,cg04278444,cg04298626,cg04311227,cg04314525,cg04317977,cg04324758,cg04328477,cg04331511,cg04333213,cg04337412,cg04344565,cg04358923,cg04364540,cg04366385,cg04373587,cg04386144,cg04413644,cg04421424,cg04426007,cg04428535,cg04431387,cg04434568,cg04437590,cg04463911,cg04470905,cg04484579,cg04498032,cg04515913,cg04531254,cg04534813,cg04539241,cg04547205,cg04559178,cg04565464,cg04568613,cg04584833,cg04585390,cg04617570,cg04627240,cg04635154,cg04652621,cg04656042,cg04657325,cg04665204,cg04677326,cg04686114,cg04691540,cg04714638,cg04721302,cg04731120,cg04736562,cg04738309,cg04750593,cg04759767,cg04764907,cg04780909,cg04781587,cg04791747,cg04803843,cg04810377,cg04825775,cg04856096,cg04869206,cg04876451,cg04886703,cg04900785,cg04902542,cg04913443,cg04914305,cg04920270,cg04925824,cg04930469,cg04939294,cg04947578,cg04948627,cg04959815,cg04971418,cg05000748,cg05001908,cg05002041,cg05006231,cg05011232,cg05020775,cg05020822,cg05024413,cg05040544,cg05041145,cg05095774,cg05100916,cg05122605,cg05128992,cg05135213,cg05157171,cg05171367,cg05214685,cg05231098,cg05241025,cg05257479,cg05262436,cg05270119,cg05281338,cg05315865,cg05336115,cg05337998,cg05349062,cg05350358,cg05360402,cg05377998,cg05406635,cg05422897,cg05449217,cg05461259,cg05468351,cg05479582,cg05484920,cg05494465,cg05534678,cg05577902,cg05592035,cg05592363,cg05609414,cg05616754,cg05621343,cg05622441,cg05637536,cg05637795,cg05640069,cg05663122,cg05669285,cg05702448,cg05704155,cg05712403,cg05727959,cg05733026,cg05736236,cg05752819,cg05756109,cg05782078,cg05783854,cg05786840,cg05787931,cg05796321,cg05808815,cg05849857,cg05861071,cg05874478,cg05878337,cg05900347,cg05913197,cg05915794,cg05920090,cg05923184,cg05924191,cg05930162,cg05931265,cg05931684,cg05940231,cg05952120,cg05954989,cg05955675,cg05959525,cg06006623,cg06007320,cg06025835,cg06045225,cg06056004,cg06058923,cg06073094,cg06074314,cg06110578,cg06112779,cg06137672,cg06138195,cg06138422,cg06157335,cg06169648,cg06200777,cg06220161,cg06226283,cg06310844,cg06380355,cg06385874,cg06391107,cg06419771,cg06421526,cg06427502,cg06438404,cg06443863,cg06456512,cg06468476,cg06473181,cg06476093,cg06496078,cg06496222,cg06500355,cg06524479,cg06534285,cg06542686,cg06542865,cg06550102,cg06577251,cg06585708,cg06598631,cg06604058,cg06621373,cg06626599,cg06631310,cg06634950,cg06636685,cg06639788,cg06652315,cg06652850,cg06665941,cg06678902,cg06679003,cg06686029,cg06690633,cg06700871,cg06703332,cg06710900,cg06717492,cg06723301,cg06728098,cg06728674,cg06731730,cg06732976,cg06736685,cg06745235,cg06745957,cg06748231,cg06753227,cg06766659,cg06777853,cg06790019,cg06793581,cg06794263,cg06796825,cg06800444,cg06807989,cg06815976,cg06826278,cg06830415,cg06836181,cg06848185,cg06852575,cg06858186,cg06864005,cg06866657,cg06896619,cg06901526,cg06911519,cg06919790,cg06927324,cg06928838,cg06957130,cg06966660,cg06979550,cg06983551,cg07000551,cg07010359,cg07021777,cg07023327,cg07051329,cg07061579,cg07066067,cg07087156,cg07089783,cg07093111,cg07094915,cg07101354,cg07104116,cg07113322,cg07122172,cg07131604,cg07135797,cg07146119,cg07156929,cg07160044,cg07167946,cg07181902,cg07197864,cg07213548,cg07220085,cg07226679,cg07255356,cg07266126,cg07269724,cg07274204,cg07277818,cg07297567,cg07306881,cg07318453,cg07324633,cg07333905,cg07344583,cg07352798,cg07354253,cg07355551,cg07355693,cg07370646,cg07375367,cg07387199,cg07393674,cg07399355,cg07417284,cg07423602,cg07436753,cg07439409,cg07458698,cg07458712,cg07461160,cg07466433,cg07472772,cg07483523,cg07489134,cg07504545,cg07513383,cg07519721,cg07519873,cg07520141,cg07535605,cg07536847,cg07538946,cg07558287,cg07562458,cg07562483,cg07570055,cg07571970,cg07580707,cg07589166,cg07598522,cg07630649,cg07645461,cg07697662,cg07702548,cg07713849,cg07737810,cg07742134,cg07753245,cg07817097,cg07818830,cg07865517,cg07882184,cg07882382,cg07892879,cg07913310,cg07923305,cg07923459,cg07926482,cg07927839,cg07940793,cg07956936,cg07958926,cg07963361,cg07967679,cg07972541,cg07982935,cg08005943,cg08009993,cg08035872,cg08039701,cg08081845,cg08097417,cg08125682,cg08158076,cg08158524,cg08169394,cg08185661,cg08192350,cg08209163,cg08272731,cg08274589,cg08324115,cg08326301,cg08334153,cg08336300,cg08348387,cg08351017,cg08354699,cg08370718,cg08387285,cg08390021,cg08399230,cg08411512,cg08427928,cg08440521,cg08444731,cg08450752,cg08464824,cg08472559,cg08492707,cg08510077,cg08532834,cg08555460,cg08555653,cg08577341,cg08577517,cg08577743,cg08599294,cg08610201,cg08612601,cg08649216,cg08653403,cg08659621,cg08667777,cg08701515,cg08751265,cg08755283,cg08763126,cg08763433,cg08787268,cg08817168,cg08857201,cg08866402,cg08872741,cg08876479,cg08876591,cg08882650,cg08883955	E056	6.14e-03
4.536	8.97e-14	E057 Foreskin Keratinocyte Primary Cells skin02	Skin	H3K4me3	E057-H3K4me3.broadPeak.gz	cg00021237,cg00024722,cg00026230,cg00026974,cg00040423,cg00077299,cg00097536,cg00102920,cg00123055,cg00147578,cg00167275,cg00179576,cg00226754,cg00231920,cg00252696,cg00260647,cg00271154,cg00280548,cg00280814,cg00292435,cg00306421,cg00319567,cg00355633,cg00389341,cg00393376,cg00395140,cg00399650,cg00402069,cg00419759,cg00437985,cg00441754,cg00448143,cg00455883,cg00459447,cg00472801,cg00476986,cg00498603,cg00502932,cg00529946,cg00538370,cg00539325,cg00544734,cg00547077,cg00572487,cg00574907,cg00598261,cg00608467,cg00629514,cg00639286,cg00649827,cg00668227,cg00671225,cg00687252,cg00704288,cg00704909,cg00713294,cg00718440,cg00734800,cg00742472,cg00748373,cg00751288,cg00759634,cg00761755,cg00777537,cg00777895,cg00786747,cg00789423,cg00790928,cg00794178,cg00814733,cg00823995,cg00829944,cg00830767,cg00843623,cg00873521,cg00893385,cg00903375,cg00906435,cg00909976,cg00916439,cg00922697,cg00922781,cg00923803,cg00935924,cg00949554,cg00960509,cg00960580,cg00987699,cg00994411,cg01025599,cg01026613,cg01035689,cg01060358,cg01083340,cg01093329,cg01117833,cg01131038,cg01135780,cg01145709,cg01149132,cg01149896,cg01153979,cg01179631,cg01185138,cg01202751,cg01216607,cg01239717,cg01244944,cg01249180,cg01262133,cg01297808,cg01306985,cg01310829,cg01314194,cg01320048,cg01335042,cg01338834,cg01353569,cg01358551,cg01363714,cg01365762,cg01373292,cg01373691,cg01393327,cg01405143,cg01458686,cg01460557,cg01462829,cg01467266,cg01482912,cg01487433,cg01488674,cg01519164,cg01524091,cg01527159,cg01531665,cg01542423,cg01546046,cg01554453,cg01566127,cg01582807,cg01588546,cg01613965,cg01638175,cg01645753,cg01663225,cg01719123,cg01726103,cg01755728,cg01759562,cg01768179,cg01773951,cg01777630,cg01779076,cg01789478,cg01796104,cg01807919,cg01814186,cg01819787,cg01823956,cg01861096,cg01906015,cg01909487,cg01923740,cg01932076,cg01936090,cg01939479,cg01939664,cg01945391,cg01959412,cg01999086,cg02002494,cg02015876,cg02047359,cg02048674,cg02051077,cg02053340,cg02056921,cg02096656,cg02120584,cg02121330,cg02151625,cg02157667,cg02172824,cg02181963,cg02199589,cg02201215,cg02239805,cg02243437,cg02248325,cg02257675,cg02261604,cg02268424,cg02269221,cg02269272,cg02283485,cg02291403,cg02297747,cg02308112,cg02323694,cg02327123,cg02334926,cg02337499,cg02339297,cg02350644,cg02374837,cg02385840,cg02386183,cg02396143,cg02399652,cg02405530,cg02426912,cg02429398,cg02445447,cg02446681,cg02453779,cg02473395,cg02484047,cg02493614,cg02510736,cg02521102,cg02537106,cg02542103,cg02558424,cg02561482,cg02569759,cg02578312,cg02590295,cg02596190,cg02602480,cg02620228,cg02621020,cg02631680,cg02632809,cg02642298,cg02646394,cg02661258,cg02661426,cg02668708,cg02671671,cg02683363,cg02697074,cg02707669,cg02709717,cg02716799,cg02717570,cg02723904,cg02736602,cg02763798,cg02773019,cg02788401,cg02792602,cg02836487,cg02859866,cg02862354,cg02863073,cg02870950,cg02896705,cg02898122,cg02916409,cg02925229,cg02929209,cg02936451,cg02938524,cg02952317,cg02964396,cg02976543,cg02994645,cg02996314,cg03004280,cg03015433,cg03031933,cg03041860,cg03044510,cg03053597,cg03061024,cg03067068,cg03069383,cg03108496,cg03118206,cg03121168,cg03128332,cg03144560,cg03174294,cg03175653,cg03183872,cg03184439,cg03186339,cg03214080,cg03220945,cg03222971,cg03230579,cg03239591,cg03259243,cg03262242,cg03276167,cg03301282,cg03309721,cg03330867,cg03352657,cg03373091,cg03383661,cg03394401,cg03415695,cg03420286,cg03426840,cg03433712,cg03442378,cg03462171,cg03468541,cg03489495,cg03508908,cg03533382,cg03542721,cg03575764,cg03576787,cg03591798,cg03592197,cg03598754,cg03599547,cg03609269,cg03612039,cg03614734,cg03623155,cg03628186,cg03634887,cg03637815,cg03638905,cg03646922,cg03648679,cg03650154,cg03655371,cg03668558,cg03674076,cg03689054,cg03700121,cg03705947,cg03720887,cg03729853,cg03746482,cg03747177,cg03750606,cg03761477,cg03765692,cg03771185,cg03809994,cg03820205,cg03820828,cg03858673,cg03891268,cg03891330,cg03919779,cg03921416,cg03967192,cg03968699,cg03973167,cg03982544,cg03983647,cg04004830,cg04015759,cg04020984,cg04027074,cg04033706,cg04053862,cg04061197,cg04063589,cg04071446,cg04072768,cg04100724,cg04104609,cg04111177,cg04121495,cg04125208,cg04128307,cg04131734,cg04132452,cg04202802,cg04215179,cg04232674,cg04237075,cg04240267,cg04260924,cg04265407,cg04266779,cg04266864,cg04285493,cg04298626,cg04311227,cg04314525,cg04317977,cg04324758,cg04328477,cg04333213,cg04337412,cg04344565,cg04358923,cg04364540,cg04366385,cg04373587,cg04386144,cg04413644,cg04421424,cg04426007,cg04428535,cg04431387,cg04434568,cg04437590,cg04470905,cg04484579,cg04498032,cg04515913,cg04531254,cg04534813,cg04539241,cg04547205,cg04559178,cg04565464,cg04568613,cg04584833,cg04617570,cg04627240,cg04652621,cg04656042,cg04657325,cg04677326,cg04686114,cg04691540,cg04714638,cg04721302,cg04731120,cg04736562,cg04738309,cg04750593,cg04759767,cg04764907,cg04780909,cg04791747,cg04803843,cg04810377,cg04825775,cg04856096,cg04869206,cg04876451,cg04886703,cg04900785,cg04913443,cg04914305,cg04920270,cg04925824,cg04930469,cg04939294,cg04947578,cg04948627,cg04959815,cg04971418,cg05000748,cg05001908,cg05002041,cg05006231,cg05011232,cg05020775,cg05020822,cg05024413,cg05040544,cg05041145,cg05095774,cg05100916,cg05122605,cg05128992,cg05135213,cg05157171,cg05171367,cg05231098,cg05241025,cg05257479,cg05270119,cg05281338,cg05315865,cg05336115,cg05349062,cg05350358,cg05360402,cg05406635,cg05414442,cg05422897,cg05449217,cg05461259,cg05468351,cg05479582,cg05484920,cg05494465,cg05534678,cg05577902,cg05592035,cg05592363,cg05616754,cg05621343,cg05622441,cg05637536,cg05637795,cg05640069,cg05663122,cg05669285,cg05702448,cg05704155,cg05712403,cg05727959,cg05733026,cg05736236,cg05752819,cg05756109,cg05782078,cg05783854,cg05786840,cg05787931,cg05796321,cg05808815,cg05849857,cg05861071,cg05874478,cg05878337,cg05913197,cg05920090,cg05923184,cg05924191,cg05930162,cg05931265,cg05931684,cg05952120,cg05954989,cg05955675,cg05959525,cg05990650,cg06007320,cg06025835,cg06045225,cg06056004,cg06058923,cg06059332,cg06073094,cg06074314,cg06110578,cg06112779,cg06137672,cg06138422,cg06157335,cg06169648,cg06200777,cg06220161,cg06226283,cg06310844,cg06380355,cg06385874,cg06391107,cg06419771,cg06427502,cg06438404,cg06443863,cg06456512,cg06468476,cg06476093,cg06496078,cg06500355,cg06524479,cg06534285,cg06542686,cg06550102,cg06577251,cg06598631,cg06604058,cg06621373,cg06626599,cg06631310,cg06634950,cg06636685,cg06639788,cg06652315,cg06652850,cg06665941,cg06678902,cg06679003,cg06686029,cg06690633,cg06700871,cg06703332,cg06710900,cg06717492,cg06723301,cg06728098,cg06728674,cg06731730,cg06736685,cg06745235,cg06745957,cg06748231,cg06753227,cg06777853,cg06790019,cg06793581,cg06794263,cg06796825,cg06800444,cg06807989,cg06815976,cg06836181,cg06848185,cg06852575,cg06858186,cg06864005,cg06866657,cg06896619,cg06901526,cg06911519,cg06919790,cg06927324,cg06928838,cg06957130,cg06966660,cg06973234,cg06979550,cg06983551,cg07000551,cg07010359,cg07021777,cg07023327,cg07051329,cg07061579,cg07087156,cg07089783,cg07093111,cg07094915,cg07101354,cg07113322,cg07122172,cg07135797,cg07146119,cg07156929,cg07160044,cg07181902,cg07197864,cg07220085,cg07226679,cg07255356,cg07266126,cg07269724,cg07274204,cg07277818,cg07306881,cg07318453,cg07333905,cg07344583,cg07352798,cg07354253,cg07355551,cg07355693,cg07370646,cg07375367,cg07387199,cg07399355,cg07417284,cg07423602,cg07436753,cg07439409,cg07458698,cg07458712,cg07461160,cg07466433,cg07472772,cg07483523,cg07489134,cg07513383,cg07519721,cg07519873,cg07520141,cg07535605,cg07538946,cg07558287,cg07562458,cg07562483,cg07570055,cg07571970,cg07580707,cg07589166,cg07598522,cg07630649,cg07645461,cg07697662,cg07702548,cg07742134,cg07753245,cg07785225,cg07817097,cg07818830,cg07865517,cg07882184,cg07882382,cg07913310,cg07923305,cg07923459,cg07926482,cg07927839,cg07940793,cg07956936,cg07958926,cg07963361,cg07967679,cg07972541,cg07982935,cg08005943,cg08009993,cg08035872,cg08039701,cg08097417,cg08125682,cg08158076,cg08158524,cg08169394,cg08185661,cg08192350,cg08209163,cg08274589,cg08324115,cg08326301,cg08334153,cg08336300,cg08348387,cg08354699,cg08370718,cg08387285,cg08390021,cg08399230,cg08411512,cg08427928,cg08440521,cg08444731,cg08464824,cg08472559,cg08492707,cg08510077,cg08532834,cg08555460,cg08577341,cg08577517,cg08577743,cg08599294,cg08610201,cg08612601,cg08653403,cg08659621,cg08667777,cg08701515,cg08751265,cg08755283,cg08763126,cg08763433,cg08817168,cg08857201,cg08866402,cg08872741,cg08876479,cg08876591,cg08882650,cg08883955	E057	8.27e-13
2.006	2.51e-05	E059 Foreskin Melanocyte Primary Cells skin01	Skin	H3K4me3	E059-H3K4me3.broadPeak.gz	cg00021237,cg00024722,cg00026230,cg00026974,cg00040423,cg00077299,cg00097536,cg00102920,cg00123055,cg00147578,cg00167275,cg00179576,cg00226754,cg00231920,cg00252696,cg00260647,cg00271154,cg00280548,cg00280814,cg00292435,cg00306421,cg00319567,cg00355633,cg00371453,cg00389341,cg00393376,cg00395140,cg00399650,cg00402069,cg00419759,cg00420847,cg00437985,cg00441754,cg00448143,cg00455883,cg00459447,cg00472801,cg00476986,cg00498603,cg00502932,cg00503302,cg00529946,cg00538370,cg00539325,cg00544734,cg00547077,cg00572487,cg00574907,cg00598261,cg00608467,cg00629514,cg00637687,cg00639286,cg00649827,cg00668227,cg00671225,cg00687252,cg00704288,cg00704909,cg00713294,cg00718440,cg00734800,cg00742472,cg00748373,cg00751288,cg00761755,cg00777537,cg00777895,cg00786747,cg00789423,cg00790928,cg00794178,cg00814733,cg00823995,cg00829944,cg00830767,cg00843623,cg00873521,cg00893385,cg00903375,cg00906435,cg00909976,cg00916439,cg00922697,cg00922781,cg00923803,cg00935924,cg00949554,cg00960509,cg00960580,cg00987699,cg00994411,cg01025599,cg01026613,cg01035689,cg01060358,cg01083340,cg01093329,cg01117833,cg01131038,cg01135780,cg01140149,cg01145709,cg01149132,cg01149896,cg01153979,cg01158415,cg01179631,cg01185138,cg01202751,cg01216607,cg01239717,cg01244944,cg01249180,cg01261351,cg01297808,cg01306985,cg01310829,cg01314194,cg01320048,cg01335042,cg01338834,cg01353569,cg01358551,cg01363714,cg01365762,cg01373292,cg01373691,cg01393327,cg01405143,cg01458686,cg01460557,cg01462829,cg01467266,cg01482912,cg01487433,cg01488674,cg01519164,cg01524091,cg01527159,cg01531665,cg01546046,cg01554453,cg01566127,cg01582807,cg01588546,cg01613965,cg01638175,cg01645753,cg01660676,cg01663225,cg01719123,cg01726103,cg01755728,cg01759562,cg01768179,cg01773951,cg01777630,cg01779076,cg01789478,cg01793617,cg01796104,cg01807919,cg01814186,cg01819787,cg01823956,cg01861096,cg01906015,cg01909487,cg01923740,cg01932076,cg01936090,cg01939479,cg01939664,cg01945391,cg01959412,cg01999086,cg02002494,cg02015876,cg02047359,cg02048674,cg02051077,cg02053340,cg02056921,cg02096656,cg02120584,cg02121330,cg02151625,cg02157667,cg02172824,cg02181963,cg02187712,cg02199589,cg02201215,cg02239805,cg02243437,cg02248325,cg02257675,cg02261604,cg02268424,cg02269221,cg02269272,cg02283485,cg02291403,cg02297747,cg02308112,cg02323694,cg02327123,cg02337499,cg02339297,cg02350644,cg02374837,cg02385840,cg02386183,cg02396143,cg02399652,cg02405530,cg02411582,cg02426912,cg02429398,cg02445447,cg02446681,cg02453779,cg02473395,cg02484047,cg02493614,cg02510736,cg02521102,cg02537106,cg02542103,cg02558424,cg02561482,cg02569759,cg02578312,cg02590295,cg02596190,cg02602480,cg02619495,cg02620228,cg02621020,cg02631680,cg02632809,cg02642298,cg02646394,cg02661258,cg02661426,cg02668708,cg02671671,cg02675466,cg02683363,cg02697074,cg02707669,cg02709717,cg02716799,cg02717570,cg02723904,cg02727104,cg02736602,cg02763798,cg02773019,cg02778551,cg02788401,cg02792602,cg02836487,cg02846228,cg02859866,cg02862354,cg02863073,cg02870950,cg02878439,cg02896705,cg02898122,cg02916409,cg02925229,cg02929209,cg02936451,cg02938524,cg02964396,cg02976543,cg02994645,cg02996314,cg03004280,cg03015433,cg03031933,cg03041860,cg03044510,cg03053597,cg03061024,cg03067068,cg03069383,cg03072621,cg03108496,cg03118206,cg03121168,cg03128332,cg03144560,cg03160466,cg03174294,cg03175653,cg03181118,cg03183872,cg03184439,cg03186339,cg03214080,cg03220945,cg03222971,cg03230579,cg03239591,cg03259243,cg03262242,cg03276167,cg03301282,cg03309721,cg03330867,cg03352657,cg03373091,cg03383661,cg03394401,cg03410772,cg03415695,cg03420286,cg03426840,cg03433712,cg03442378,cg03462171,cg03468541,cg03489495,cg03508908,cg03533382,cg03542721,cg03555487,cg03575764,cg03576787,cg03591798,cg03592197,cg03598754,cg03599547,cg03609269,cg03612039,cg03614734,cg03623155,cg03628186,cg03634887,cg03638905,cg03644750,cg03646922,cg03648679,cg03650154,cg03655371,cg03668558,cg03674076,cg03689054,cg03696599,cg03700121,cg03705947,cg03720887,cg03729853,cg03746482,cg03747177,cg03750606,cg03761477,cg03765692,cg03771185,cg03809994,cg03820205,cg03820828,cg03829216,cg03858673,cg03891268,cg03891330,cg03919779,cg03921416,cg03940157,cg03967192,cg03968699,cg03973167,cg03982544,cg03983647,cg04004632,cg04013089,cg04015759,cg04020984,cg04027074,cg04033706,cg04047221,cg04053862,cg04061197,cg04063589,cg04071446,cg04072768,cg04100724,cg04104609,cg04111177,cg04121495,cg04125208,cg04128307,cg04131734,cg04132452,cg04173992,cg04184107,cg04202802,cg04215179,cg04232674,cg04237075,cg04240267,cg04260924,cg04265407,cg04266779,cg04266864,cg04278444,cg04285493,cg04298626,cg04311227,cg04314525,cg04317977,cg04324758,cg04328477,cg04331511,cg04333213,cg04337412,cg04344565,cg04358923,cg04364540,cg04366385,cg04373587,cg04386144,cg04413644,cg04421424,cg04426007,cg04428535,cg04431387,cg04434568,cg04437590,cg04470905,cg04484579,cg04498032,cg04515913,cg04531254,cg04534813,cg04539241,cg04547205,cg04559178,cg04565464,cg04568613,cg04584833,cg04617570,cg04627240,cg04652621,cg04656042,cg04657325,cg04665204,cg04677326,cg04686114,cg04691540,cg04714638,cg04721302,cg04731120,cg04736562,cg04738309,cg04750593,cg04759767,cg04764907,cg04780909,cg04781587,cg04791747,cg04803843,cg04810377,cg04825775,cg04856096,cg04869206,cg04876451,cg04886703,cg04900785,cg04902542,cg04913443,cg04914305,cg04920270,cg04925824,cg04930469,cg04939294,cg04947578,cg04948627,cg04959815,cg04971418,cg04983459,cg04986276,cg05000748,cg05001908,cg05002041,cg05006231,cg05011232,cg05020775,cg05020822,cg05024413,cg05040544,cg05041145,cg05095774,cg05100916,cg05122605,cg05128992,cg05135213,cg05157171,cg05171367,cg05214685,cg05231098,cg05241025,cg05257479,cg05262436,cg05270119,cg05281338,cg05315865,cg05336115,cg05349062,cg05350358,cg05360402,cg05377998,cg05406635,cg05422897,cg05449217,cg05461259,cg05468351,cg05479582,cg05484920,cg05494465,cg05534678,cg05577902,cg05592035,cg05592363,cg05609414,cg05616754,cg05621343,cg05622441,cg05637536,cg05637795,cg05640069,cg05663122,cg05669285,cg05702448,cg05704155,cg05712403,cg05727959,cg05733026,cg05736236,cg05752819,cg05756109,cg05782078,cg05783854,cg05786840,cg05787931,cg05796321,cg05808815,cg05849857,cg05861071,cg05874478,cg05878337,cg05900347,cg05913197,cg05915794,cg05920090,cg05923184,cg05924191,cg05930162,cg05931265,cg05931684,cg05952120,cg05954989,cg05955675,cg05959525,cg06006623,cg06007320,cg06025835,cg06045225,cg06056004,cg06058923,cg06073094,cg06074314,cg06110578,cg06112779,cg06137672,cg06138195,cg06138422,cg06157335,cg06169648,cg06200777,cg06220161,cg06226283,cg06310844,cg06379478,cg06380355,cg06385874,cg06391107,cg06419771,cg06427502,cg06438404,cg06443863,cg06456512,cg06468476,cg06473181,cg06476093,cg06496078,cg06496222,cg06500355,cg06524479,cg06534285,cg06542686,cg06542865,cg06550102,cg06577251,cg06585708,cg06598631,cg06604058,cg06621373,cg06626599,cg06631310,cg06634950,cg06636685,cg06639788,cg06652315,cg06652850,cg06665941,cg06678902,cg06679003,cg06686029,cg06690633,cg06700871,cg06703332,cg06710900,cg06717492,cg06723301,cg06728098,cg06728674,cg06731730,cg06736685,cg06745235,cg06745957,cg06748231,cg06753227,cg06766659,cg06777853,cg06789048,cg06790019,cg06793581,cg06794263,cg06796825,cg06800444,cg06807989,cg06815976,cg06826278,cg06836181,cg06848185,cg06852575,cg06858186,cg06864005,cg06866657,cg06896619,cg06901526,cg06911519,cg06919790,cg06927324,cg06928838,cg06957130,cg06966660,cg06973234,cg06979550,cg06983551,cg07000551,cg07010359,cg07021777,cg07023327,cg07051329,cg07061579,cg07066067,cg07087156,cg07089783,cg07093111,cg07094915,cg07101354,cg07113322,cg07122172,cg07131604,cg07135797,cg07146119,cg07156929,cg07160044,cg07167946,cg07181902,cg07197864,cg07220085,cg07226679,cg07255356,cg07269724,cg07274204,cg07277818,cg07297567,cg07306881,cg07318453,cg07333905,cg07344583,cg07352798,cg07354253,cg07355551,cg07355693,cg07370646,cg07375367,cg07387199,cg07393674,cg07399355,cg07417284,cg07423602,cg07436753,cg07439409,cg07458698,cg07458712,cg07461160,cg07466433,cg07472772,cg07483523,cg07489134,cg07504545,cg07513383,cg07519721,cg07519873,cg07520141,cg07535605,cg07538946,cg07558287,cg07562458,cg07562483,cg07570055,cg07571970,cg07580707,cg07589166,cg07598522,cg07630649,cg07645461,cg07697662,cg07702548,cg07713849,cg07742134,cg07750813,cg07753245,cg07817097,cg07818830,cg07865517,cg07882184,cg07882382,cg07892879,cg07913310,cg07923305,cg07923459,cg07926482,cg07927839,cg07940793,cg07956936,cg07958926,cg07963361,cg07967679,cg07972541,cg07982935,cg08005943,cg08009993,cg08012278,cg08035872,cg08039701,cg08097417,cg08125682,cg08158076,cg08158524,cg08169394,cg08185661,cg08192350,cg08209163,cg08272731,cg08274589,cg08324115,cg08326301,cg08334153,cg08336300,cg08348387,cg08351017,cg08354699,cg08370718,cg08387285,cg08390021,cg08399230,cg08411512,cg08427928,cg08440521,cg08444731,cg08450752,cg08464824,cg08472559,cg08492707,cg08510077,cg08532834,cg08555460,cg08577341,cg08577517,cg08577743,cg08599294,cg08610201,cg08612601,cg08653403,cg08659621,cg08667777,cg08701515,cg08751265,cg08755283,cg08763126,cg08763433,cg08817168,cg08857201,cg08866402,cg08872741,cg08876479,cg08876591,cg08882650,cg08883955	E059	1.12e-04
2.911	1.01e-07	E109 Small Intestine	Small Intestine	H3K4me3	E109-H3K4me3.broadPeak.gz	cg00021237,cg00024722,cg00026230,cg00026974,cg00040423,cg00077299,cg00097536,cg00102920,cg00123055,cg00147578,cg00167275,cg00226754,cg00231920,cg00252696,cg00260647,cg00271154,cg00280548,cg00280814,cg00292435,cg00306421,cg00319567,cg00389341,cg00395140,cg00399650,cg00402069,cg00419759,cg00437985,cg00441754,cg00448143,cg00455883,cg00459447,cg00472801,cg00476986,cg00498603,cg00502932,cg00514514,cg00529946,cg00538370,cg00544734,cg00547077,cg00572487,cg00574907,cg00598261,cg00608467,cg00629514,cg00637687,cg00639286,cg00649827,cg00668227,cg00687252,cg00704288,cg00704909,cg00713294,cg00718440,cg00734800,cg00737992,cg00742472,cg00748373,cg00751288,cg00759634,cg00761755,cg00777537,cg00777895,cg00789423,cg00790928,cg00794178,cg00814733,cg00823995,cg00829944,cg00830767,cg00843623,cg00873521,cg00893385,cg00903375,cg00906435,cg00909976,cg00916439,cg00922781,cg00923803,cg00935924,cg00949554,cg00960509,cg00960580,cg00987699,cg00994411,cg01025599,cg01026613,cg01035689,cg01060358,cg01083340,cg01093329,cg01117833,cg01135780,cg01145709,cg01149132,cg01149896,cg01153979,cg01158415,cg01179631,cg01185138,cg01202751,cg01216607,cg01239717,cg01244944,cg01249180,cg01261351,cg01262133,cg01297808,cg01306985,cg01314194,cg01320048,cg01335042,cg01338834,cg01353569,cg01358551,cg01363714,cg01365762,cg01373292,cg01373691,cg01405143,cg01458686,cg01460557,cg01462829,cg01467266,cg01482912,cg01487433,cg01488674,cg01519164,cg01524091,cg01527159,cg01531665,cg01546046,cg01554453,cg01566127,cg01582807,cg01588546,cg01613965,cg01638175,cg01645753,cg01660676,cg01663225,cg01684233,cg01719123,cg01726103,cg01755728,cg01759562,cg01768179,cg01773951,cg01777630,cg01779076,cg01789478,cg01796104,cg01807919,cg01814186,cg01816191,cg01819787,cg01823956,cg01861096,cg01906015,cg01909487,cg01923740,cg01932076,cg01936090,cg01939479,cg01939664,cg01945391,cg01959412,cg01981108,cg01999086,cg02002494,cg02015876,cg02047359,cg02048674,cg02051077,cg02053340,cg02056921,cg02065970,cg02096656,cg02120584,cg02121330,cg02151625,cg02157667,cg02172824,cg02181963,cg02199589,cg02201215,cg02239805,cg02243437,cg02248325,cg02257675,cg02261604,cg02268424,cg02269221,cg02269272,cg02283485,cg02291403,cg02308112,cg02323694,cg02327123,cg02334926,cg02337499,cg02339297,cg02374837,cg02385840,cg02386183,cg02390278,cg02396143,cg02399652,cg02405530,cg02426912,cg02429398,cg02445447,cg02446681,cg02453779,cg02473395,cg02484047,cg02493614,cg02507657,cg02510736,cg02521102,cg02537106,cg02542103,cg02558424,cg02569759,cg02578312,cg02590295,cg02596190,cg02602480,cg02620228,cg02621020,cg02631680,cg02632809,cg02642298,cg02646394,cg02650266,cg02661258,cg02661426,cg02668708,cg02671671,cg02683363,cg02697074,cg02707669,cg02709717,cg02716799,cg02717570,cg02723904,cg02736602,cg02763798,cg02773019,cg02778551,cg02788401,cg02792602,cg02836487,cg02859866,cg02862354,cg02863073,cg02870950,cg02877856,cg02896705,cg02898122,cg02916409,cg02925229,cg02929209,cg02936451,cg02938524,cg02952317,cg02964396,cg02976543,cg02994645,cg02996314,cg03004280,cg03015433,cg03031933,cg03041860,cg03044510,cg03053597,cg03061024,cg03067068,cg03069383,cg03071924,cg03072621,cg03108496,cg03118206,cg03121168,cg03128332,cg03144560,cg03174294,cg03175653,cg03181118,cg03183872,cg03184439,cg03186339,cg03214080,cg03220945,cg03222971,cg03230579,cg03239591,cg03259243,cg03262242,cg03276167,cg03301282,cg03309721,cg03330867,cg03352657,cg03353863,cg03373091,cg03383661,cg03394401,cg03415695,cg03420286,cg03426840,cg03433712,cg03462171,cg03468541,cg03489495,cg03508908,cg03533382,cg03542721,cg03555487,cg03575764,cg03576787,cg03591798,cg03592197,cg03598754,cg03599547,cg03609269,cg03612039,cg03614734,cg03623155,cg03628186,cg03634887,cg03638905,cg03644750,cg03646922,cg03648679,cg03650154,cg03668558,cg03674076,cg03689054,cg03700121,cg03705947,cg03720887,cg03729853,cg03746482,cg03747177,cg03750606,cg03765692,cg03771185,cg03809994,cg03820205,cg03820828,cg03829216,cg03858673,cg03891268,cg03891330,cg03919779,cg03921416,cg03967192,cg03968699,cg03973167,cg03982544,cg03983647,cg04004632,cg04004830,cg04015759,cg04020984,cg04027074,cg04033706,cg04047221,cg04053862,cg04061197,cg04063589,cg04071446,cg04072768,cg04100724,cg04104609,cg04111177,cg04121495,cg04125208,cg04128307,cg04131734,cg04132452,cg04202802,cg04215179,cg04232674,cg04237075,cg04240267,cg04260924,cg04265407,cg04266779,cg04266864,cg04278444,cg04298626,cg04311227,cg04314525,cg04317977,cg04324758,cg04328477,cg04331511,cg04333213,cg04337412,cg04344565,cg04358923,cg04364540,cg04366385,cg04373587,cg04386144,cg04413644,cg04421424,cg04426007,cg04428535,cg04431387,cg04434568,cg04437590,cg04454285,cg04470905,cg04484579,cg04498032,cg04515913,cg04531254,cg04534813,cg04539241,cg04547205,cg04559178,cg04565464,cg04568613,cg04576847,cg04584833,cg04585390,cg04617570,cg04627240,cg04652621,cg04657325,cg04677326,cg04686114,cg04691540,cg04714638,cg04721302,cg04736562,cg04738309,cg04750593,cg04759767,cg04780909,cg04791747,cg04803843,cg04810377,cg04825775,cg04856096,cg04869206,cg04876451,cg04886703,cg04900785,cg04913443,cg04914305,cg04920270,cg04925824,cg04930469,cg04939294,cg04947578,cg04948627,cg04959815,cg04971418,cg04983459,cg05001908,cg05002041,cg05006231,cg05011232,cg05020775,cg05020822,cg05024413,cg05040544,cg05041145,cg05095774,cg05100916,cg05122605,cg05128992,cg05135213,cg05157171,cg05171367,cg05231098,cg05241025,cg05257479,cg05260236,cg05270119,cg05281338,cg05315865,cg05349062,cg05350358,cg05360402,cg05406635,cg05422897,cg05449217,cg05461259,cg05479582,cg05484920,cg05494465,cg05534678,cg05538632,cg05577902,cg05592035,cg05592363,cg05616754,cg05621343,cg05622441,cg05637536,cg05637795,cg05640069,cg05663122,cg05669285,cg05702448,cg05704155,cg05712403,cg05727959,cg05733026,cg05736236,cg05752819,cg05756109,cg05782078,cg05783854,cg05787931,cg05796321,cg05808815,cg05849857,cg05861071,cg05874478,cg05878337,cg05900347,cg05913197,cg05920090,cg05923184,cg05924191,cg05930162,cg05931265,cg05931684,cg05952120,cg05954989,cg05955675,cg05959525,cg06007320,cg06025835,cg06045225,cg06056004,cg06058923,cg06073094,cg06074314,cg06110578,cg06112779,cg06128043,cg06137672,cg06138422,cg06157335,cg06169648,cg06200777,cg06220161,cg06226283,cg06290265,cg06310844,cg06380355,cg06385874,cg06391107,cg06419771,cg06420058,cg06421526,cg06427502,cg06438404,cg06443863,cg06456512,cg06468476,cg06473181,cg06476093,cg06496078,cg06500355,cg06524479,cg06534285,cg06542686,cg06542865,cg06550102,cg06577251,cg06585708,cg06598631,cg06604058,cg06621373,cg06626599,cg06636685,cg06639788,cg06652850,cg06665941,cg06679003,cg06686029,cg06690633,cg06700871,cg06703332,cg06710900,cg06717492,cg06723301,cg06728098,cg06728674,cg06731730,cg06736685,cg06745235,cg06745957,cg06748231,cg06753227,cg06777853,cg06793581,cg06794263,cg06796825,cg06800444,cg06807989,cg06815976,cg06826278,cg06836181,cg06848185,cg06852575,cg06858186,cg06866657,cg06896619,cg06901526,cg06911519,cg06919790,cg06927324,cg06928838,cg06957130,cg06966660,cg06973234,cg06977935,cg06979550,cg06983551,cg07000551,cg07010359,cg07021777,cg07023327,cg07051329,cg07061579,cg07087156,cg07089783,cg07093111,cg07094915,cg07101354,cg07113322,cg07122172,cg07135797,cg07146119,cg07156929,cg07160044,cg07181902,cg07197864,cg07213548,cg07220085,cg07226679,cg07255356,cg07266126,cg07269724,cg07277818,cg07306881,cg07318453,cg07333905,cg07339229,cg07344583,cg07352798,cg07354253,cg07355551,cg07355693,cg07370646,cg07375367,cg07387199,cg07399355,cg07417284,cg07423602,cg07436753,cg07439409,cg07458698,cg07458712,cg07461160,cg07466433,cg07472772,cg07483523,cg07489134,cg07513383,cg07519721,cg07519873,cg07520141,cg07535605,cg07536847,cg07538946,cg07558287,cg07562458,cg07562483,cg07570055,cg07571970,cg07580707,cg07589166,cg07598522,cg07630649,cg07645461,cg07697662,cg07702548,cg07713849,cg07742134,cg07753245,cg07785225,cg07793537,cg07817097,cg07818830,cg07865517,cg07882184,cg07882382,cg07913310,cg07923305,cg07923459,cg07926482,cg07927839,cg07940793,cg07956936,cg07958926,cg07963361,cg07967679,cg07972541,cg08005943,cg08009993,cg08023476,cg08035872,cg08039701,cg08081845,cg08097417,cg08117436,cg08125682,cg08158076,cg08158524,cg08169394,cg08185661,cg08192350,cg08209163,cg08272731,cg08274589,cg08324115,cg08326301,cg08334153,cg08336300,cg08348387,cg08351017,cg08354699,cg08370718,cg08387285,cg08390021,cg08399230,cg08427928,cg08444731,cg08450752,cg08464824,cg08472559,cg08492707,cg08510077,cg08555460,cg08577517,cg08577743,cg08599294,cg08610201,cg08612601,cg08653403,cg08659621,cg08667777,cg08701515,cg08755283,cg08763126,cg08763433,cg08787268,cg08857201,cg08866402,cg08872741,cg08876479,cg08876591,cg08882650,cg08883955	E109	5.08e-07
